x,y,z,num_drop,volume[ml],RoI
.000000,.000000,1.250000,0,.000000,.000000
.1000000,.000000,1.250000,0,.000000,.000000
.2000000,.000000,1.250000,0,.000000,.000000
.3000000,.000000,1.250000,0,.000000,.000000
.4000000,.000000,1.250000,0,.000000,.000000
.5000000,.000000,1.250000,0,.000000,.000000
.6000000,.000000,1.250000,0,.000000,.000000
.7000000,.000000,1.250000,0,.000000,.000000
.8000000,.000000,1.250000,0,.000000,.000000
.9000000,.000000,1.250000,0,.000000,.000000
1.000000,.000000,1.250000,0,.000000,.000000
1.100000,.000000,1.250000,0,.000000,.000000
1.200000,.000000,1.250000,0,.000000,.000000
1.300000,.000000,1.250000,0,.000000,.000000
1.400000,.000000,1.250000,0,.000000,.000000
1.500000,.000000,1.250000,0,.000000,.000000
1.600000,.000000,1.250000,0,.000000,.000000
1.700000,.000000,1.250000,0,.000000,.000000
1.800000,.000000,1.250000,0,.000000,.000000
1.900000,.000000,1.250000,0,.000000,.000000
2.000000,.000000,1.250000,0,.000000,.000000
2.100000,.000000,1.250000,0,.000000,.000000
2.200000,.000000,1.250000,0,.000000,.000000
2.300000,.000000,1.250000,0,.000000,.000000
2.400000,.000000,1.250000,0,.000000,.000000
2.500000,.000000,1.250000,0,.000000,.000000
2.600000,.000000,1.250000,0,.000000,.000000
2.700000,.000000,1.250000,0,.000000,.000000
2.800000,.000000,1.250000,0,.000000,.000000
2.900000,.000000,1.250000,0,.000000,.000000
3.000000,.000000,1.250000,0,.000000,.000000
3.100000,.000000,1.250000,0,.000000,.000000
3.200000,.000000,1.250000,0,.000000,.000000
3.300000,.000000,1.250000,0,.000000,.000000
3.400000,.000000,1.250000,0,.000000,.000000
3.500000,.000000,1.250000,0,.000000,.000000
3.600000,.000000,1.250000,0,.000000,.000000
3.700000,.000000,1.250000,0,.000000,.000000
3.800000,.000000,1.250000,0,.000000,.000000
3.900000,.000000,1.250000,0,.000000,.000000
4.000000,.000000,1.250000,0,.000000,.000000
4.100000,.000000,1.250000,0,.000000,.000000
4.200000,.000000,1.250000,0,.000000,.000000
4.300000,.000000,1.250000,0,.000000,.000000
4.400000,.000000,1.250000,0,.000000,.000000
4.500000,.000000,1.250000,0,.000000,.000000
4.600000,.000000,1.250000,0,.000000,.000000
4.700000,.000000,1.250000,0,.000000,.000000
4.800000,.000000,1.250000,0,.000000,.000000
4.900000,.000000,1.250000,0,.000000,.000000
5.000000,.000000,1.250000,0,.000000,.000000
5.100000,.000000,1.250000,0,.000000,.000000
5.200000,.000000,1.250000,0,.000000,.000000
5.300000,.000000,1.250000,0,.000000,.000000
5.400000,.000000,1.250000,0,.000000,.000000
5.500000,.000000,1.250000,0,.000000,.000000
5.600000,.000000,1.250000,0,.000000,.000000
5.700000,.000000,1.250000,0,.000000,.000000
5.800000,.000000,1.250000,0,.000000,.000000
5.900000,.000000,1.250000,0,.000000,.000000
6.000000,.000000,1.250000,0,.000000,.000000
6.100000,.000000,1.250000,0,.000000,.000000
6.200000,.000000,1.250000,0,.000000,.000000
6.300000,.000000,1.250000,0,.000000,.000000
6.400000,.000000,1.250000,0,.000000,.000000
6.500000,.000000,1.250000,0,.000000,.000000
6.600000,.000000,1.250000,0,.000000,.000000
6.700000,.000000,1.250000,0,.000000,.000000
6.800000,.000000,1.250000,0,.000000,.000000
6.900000,.000000,1.250000,0,.000000,.000000
7.000000,.000000,1.250000,0,.000000,.000000
7.100000,.000000,1.250000,0,.000000,.000000
7.200000,.000000,1.250000,0,.000000,.000000
7.300000,.000000,1.250000,0,.000000,.000000
7.400000,.000000,1.250000,0,.000000,.000000
7.500000,.000000,1.250000,0,.000000,.000000
7.600000,.000000,1.250000,0,.000000,.000000
7.700000,.000000,1.250000,0,.000000,.000000
7.800000,.000000,1.250000,0,.000000,.000000
7.900000,.000000,1.250000,0,.000000,.000000
8.000000,.000000,1.250000,0,.000000,.000000
8.100000,.000000,1.250000,0,.000000,.000000
8.200000,.000000,1.250000,0,.000000,.000000
8.300000,.000000,1.250000,0,.000000,.000000
8.400000,.000000,1.250000,0,.000000,.000000
.000000,.1000000,1.250000,0,.000000,.000000
.1000000,.1000000,1.250000,0,.000000,.000000
.2000000,.1000000,1.250000,0,.000000,.000000
.3000000,.1000000,1.250000,0,.000000,.000000
.4000000,.1000000,1.250000,0,.000000,.000000
.5000000,.1000000,1.250000,0,.000000,.000000
.6000000,.1000000,1.250000,0,.000000,.000000
.7000000,.1000000,1.250000,0,.000000,.000000
.8000000,.1000000,1.250000,0,.000000,.000000
.9000000,.1000000,1.250000,0,.000000,.000000
1.000000,.1000000,1.250000,0,.000000,.000000
1.100000,.1000000,1.250000,0,.000000,.000000
1.200000,.1000000,1.250000,0,.000000,.000000
1.300000,.1000000,1.250000,0,.000000,.000000
1.400000,.1000000,1.250000,0,.000000,.000000
1.500000,.1000000,1.250000,0,.000000,.000000
1.600000,.1000000,1.250000,0,.000000,.000000
1.700000,.1000000,1.250000,0,.000000,.000000
1.800000,.1000000,1.250000,0,.000000,.000000
1.900000,.1000000,1.250000,0,.000000,.000000
2.000000,.1000000,1.250000,0,.000000,.000000
2.100000,.1000000,1.250000,0,.000000,.000000
2.200000,.1000000,1.250000,0,.000000,.000000
2.300000,.1000000,1.250000,0,.000000,.000000
2.400000,.1000000,1.250000,0,.000000,.000000
2.500000,.1000000,1.250000,0,.000000,.000000
2.600000,.1000000,1.250000,0,.000000,.000000
2.700000,.1000000,1.250000,0,.000000,.000000
2.800000,.1000000,1.250000,0,.000000,.000000
2.900000,.1000000,1.250000,0,.000000,.000000
3.000000,.1000000,1.250000,0,.000000,.000000
3.100000,.1000000,1.250000,0,.000000,.000000
3.200000,.1000000,1.250000,0,.000000,.000000
3.300000,.1000000,1.250000,0,.000000,.000000
3.400000,.1000000,1.250000,0,.000000,.000000
3.500000,.1000000,1.250000,0,.000000,.000000
3.600000,.1000000,1.250000,0,.000000,.000000
3.700000,.1000000,1.250000,0,.000000,.000000
3.800000,.1000000,1.250000,0,.000000,.000000
3.900000,.1000000,1.250000,0,.000000,.000000
4.000000,.1000000,1.250000,0,.000000,.000000
4.100000,.1000000,1.250000,0,.000000,.000000
4.200000,.1000000,1.250000,0,.000000,.000000
4.300000,.1000000,1.250000,0,.000000,.000000
4.400000,.1000000,1.250000,0,.000000,.000000
4.500000,.1000000,1.250000,0,.000000,.000000
4.600000,.1000000,1.250000,0,.000000,.000000
4.700000,.1000000,1.250000,0,.000000,.000000
4.800000,.1000000,1.250000,0,.000000,.000000
4.900000,.1000000,1.250000,0,.000000,.000000
5.000000,.1000000,1.250000,0,.000000,.000000
5.100000,.1000000,1.250000,0,.000000,.000000
5.200000,.1000000,1.250000,0,.000000,.000000
5.300000,.1000000,1.250000,0,.000000,.000000
5.400000,.1000000,1.250000,0,.000000,.000000
5.500000,.1000000,1.250000,0,.000000,.000000
5.600000,.1000000,1.250000,0,.000000,.000000
5.700000,.1000000,1.250000,0,.000000,.000000
5.800000,.1000000,1.250000,0,.000000,.000000
5.900000,.1000000,1.250000,0,.000000,.000000
6.000000,.1000000,1.250000,0,.000000,.000000
6.100000,.1000000,1.250000,0,.000000,.000000
6.200000,.1000000,1.250000,0,.000000,.000000
6.300000,.1000000,1.250000,0,.000000,.000000
6.400000,.1000000,1.250000,0,.000000,.000000
6.500000,.1000000,1.250000,0,.000000,.000000
6.600000,.1000000,1.250000,0,.000000,.000000
6.700000,.1000000,1.250000,0,.000000,.000000
6.800000,.1000000,1.250000,0,.000000,.000000
6.900000,.1000000,1.250000,0,.000000,.000000
7.000000,.1000000,1.250000,0,.000000,.000000
7.100000,.1000000,1.250000,0,.000000,.000000
7.200000,.1000000,1.250000,0,.000000,.000000
7.300000,.1000000,1.250000,0,.000000,.000000
7.400000,.1000000,1.250000,0,.000000,.000000
7.500000,.1000000,1.250000,0,.000000,.000000
7.600000,.1000000,1.250000,0,.000000,.000000
7.700000,.1000000,1.250000,0,.000000,.000000
7.800000,.1000000,1.250000,0,.000000,.000000
7.900000,.1000000,1.250000,0,.000000,.000000
8.000000,.1000000,1.250000,0,.000000,.000000
8.100000,.1000000,1.250000,0,.000000,.000000
8.200000,.1000000,1.250000,0,.000000,.000000
8.300000,.1000000,1.250000,0,.000000,.000000
8.400000,.1000000,1.250000,0,.000000,.000000
.000000,.2000000,1.250000,0,.000000,.000000
.1000000,.2000000,1.250000,0,.000000,.000000
.2000000,.2000000,1.250000,0,.000000,.000000
.3000000,.2000000,1.250000,0,.000000,.000000
.4000000,.2000000,1.250000,0,.000000,.000000
.5000000,.2000000,1.250000,0,.000000,.000000
.6000000,.2000000,1.250000,0,.000000,.000000
.7000000,.2000000,1.250000,0,.000000,.000000
.8000000,.2000000,1.250000,0,.000000,.000000
.9000000,.2000000,1.250000,0,.000000,.000000
1.000000,.2000000,1.250000,0,.000000,.000000
1.100000,.2000000,1.250000,0,.000000,.000000
1.200000,.2000000,1.250000,0,.000000,.000000
1.300000,.2000000,1.250000,0,.000000,.000000
1.400000,.2000000,1.250000,0,.000000,.000000
1.500000,.2000000,1.250000,0,.000000,.000000
1.600000,.2000000,1.250000,0,.000000,.000000
1.700000,.2000000,1.250000,0,.000000,.000000
1.800000,.2000000,1.250000,0,.000000,.000000
1.900000,.2000000,1.250000,0,.000000,.000000
2.000000,.2000000,1.250000,0,.000000,.000000
2.100000,.2000000,1.250000,0,.000000,.000000
2.200000,.2000000,1.250000,0,.000000,.000000
2.300000,.2000000,1.250000,0,.000000,.000000
2.400000,.2000000,1.250000,0,.000000,.000000
2.500000,.2000000,1.250000,0,.000000,.000000
2.600000,.2000000,1.250000,0,.000000,.000000
2.700000,.2000000,1.250000,0,.000000,.000000
2.800000,.2000000,1.250000,0,.000000,.000000
2.900000,.2000000,1.250000,0,.000000,.000000
3.000000,.2000000,1.250000,0,.000000,.000000
3.100000,.2000000,1.250000,0,.000000,.000000
3.200000,.2000000,1.250000,0,.000000,.000000
3.300000,.2000000,1.250000,0,.000000,.000000
3.400000,.2000000,1.250000,0,.000000,.000000
3.500000,.2000000,1.250000,0,.000000,.000000
3.600000,.2000000,1.250000,0,.000000,.000000
3.700000,.2000000,1.250000,0,.000000,.000000
3.800000,.2000000,1.250000,0,.000000,.000000
3.900000,.2000000,1.250000,0,.000000,.000000
4.000000,.2000000,1.250000,0,.000000,.000000
4.100000,.2000000,1.250000,0,.000000,.000000
4.200000,.2000000,1.250000,0,.000000,.000000
4.300000,.2000000,1.250000,0,.000000,.000000
4.400000,.2000000,1.250000,0,.000000,.000000
4.500000,.2000000,1.250000,0,.000000,.000000
4.600000,.2000000,1.250000,0,.000000,.000000
4.700000,.2000000,1.250000,0,.000000,.000000
4.800000,.2000000,1.250000,0,.000000,.000000
4.900000,.2000000,1.250000,0,.000000,.000000
5.000000,.2000000,1.250000,0,.000000,.000000
5.100000,.2000000,1.250000,0,.000000,.000000
5.200000,.2000000,1.250000,0,.000000,.000000
5.300000,.2000000,1.250000,0,.000000,.000000
5.400000,.2000000,1.250000,0,.000000,.000000
5.500000,.2000000,1.250000,0,.000000,.000000
5.600000,.2000000,1.250000,0,.000000,.000000
5.700000,.2000000,1.250000,0,.000000,.000000
5.800000,.2000000,1.250000,0,.000000,.000000
5.900000,.2000000,1.250000,0,.000000,.000000
6.000000,.2000000,1.250000,0,.000000,.000000
6.100000,.2000000,1.250000,0,.000000,.000000
6.200000,.2000000,1.250000,0,.000000,.000000
6.300000,.2000000,1.250000,0,.000000,.000000
6.400000,.2000000,1.250000,0,.000000,.000000
6.500000,.2000000,1.250000,0,.000000,.000000
6.600000,.2000000,1.250000,0,.000000,.000000
6.700000,.2000000,1.250000,0,.000000,.000000
6.800000,.2000000,1.250000,0,.000000,.000000
6.900000,.2000000,1.250000,0,.000000,.000000
7.000000,.2000000,1.250000,0,.000000,.000000
7.100000,.2000000,1.250000,0,.000000,.000000
7.200000,.2000000,1.250000,0,.000000,.000000
7.300000,.2000000,1.250000,0,.000000,.000000
7.400000,.2000000,1.250000,0,.000000,.000000
7.500000,.2000000,1.250000,0,.000000,.000000
7.600000,.2000000,1.250000,0,.000000,.000000
7.700000,.2000000,1.250000,0,.000000,.000000
7.800000,.2000000,1.250000,0,.000000,.000000
7.900000,.2000000,1.250000,0,.000000,.000000
8.000000,.2000000,1.250000,0,.000000,.000000
8.100000,.2000000,1.250000,0,.000000,.000000
8.200000,.2000000,1.250000,0,.000000,.000000
8.300000,.2000000,1.250000,0,.000000,.000000
8.400000,.2000000,1.250000,0,.000000,.000000
.000000,.3000000,1.250000,0,.000000,.000000
.1000000,.3000000,1.250000,0,.000000,.000000
.2000000,.3000000,1.250000,0,.000000,.000000
.3000000,.3000000,1.250000,0,.000000,.000000
.4000000,.3000000,1.250000,0,.000000,.000000
.5000000,.3000000,1.250000,0,.000000,.000000
.6000000,.3000000,1.250000,0,.000000,.000000
.7000000,.3000000,1.250000,0,.000000,.000000
.8000000,.3000000,1.250000,0,.000000,.000000
.9000000,.3000000,1.250000,0,.000000,.000000
1.000000,.3000000,1.250000,0,.000000,.000000
1.100000,.3000000,1.250000,0,.000000,.000000
1.200000,.3000000,1.250000,0,.000000,.000000
1.300000,.3000000,1.250000,0,.000000,.000000
1.400000,.3000000,1.250000,0,.000000,.000000
1.500000,.3000000,1.250000,0,.000000,.000000
1.600000,.3000000,1.250000,0,.000000,.000000
1.700000,.3000000,1.250000,0,.000000,.000000
1.800000,.3000000,1.250000,0,.000000,.000000
1.900000,.3000000,1.250000,0,.000000,.000000
2.000000,.3000000,1.250000,0,.000000,.000000
2.100000,.3000000,1.250000,0,.000000,.000000
2.200000,.3000000,1.250000,0,.000000,.000000
2.300000,.3000000,1.250000,0,.000000,.000000
2.400000,.3000000,1.250000,0,.000000,.000000
2.500000,.3000000,1.250000,0,.000000,.000000
2.600000,.3000000,1.250000,0,.000000,.000000
2.700000,.3000000,1.250000,0,.000000,.000000
2.800000,.3000000,1.250000,0,.000000,.000000
2.900000,.3000000,1.250000,0,.000000,.000000
3.000000,.3000000,1.250000,0,.000000,.000000
3.100000,.3000000,1.250000,0,.000000,.000000
3.200000,.3000000,1.250000,0,.000000,.000000
3.300000,.3000000,1.250000,0,.000000,.000000
3.400000,.3000000,1.250000,0,.000000,.000000
3.500000,.3000000,1.250000,0,.000000,.000000
3.600000,.3000000,1.250000,0,.000000,.000000
3.700000,.3000000,1.250000,0,.000000,.000000
3.800000,.3000000,1.250000,0,.000000,.000000
3.900000,.3000000,1.250000,0,.000000,.000000
4.000000,.3000000,1.250000,0,.000000,.000000
4.100000,.3000000,1.250000,0,.000000,.000000
4.200000,.3000000,1.250000,0,.000000,.000000
4.300000,.3000000,1.250000,0,.000000,.000000
4.400000,.3000000,1.250000,0,.000000,.000000
4.500000,.3000000,1.250000,0,.000000,.000000
4.600000,.3000000,1.250000,0,.000000,.000000
4.700000,.3000000,1.250000,0,.000000,.000000
4.800000,.3000000,1.250000,0,.000000,.000000
4.900000,.3000000,1.250000,0,.000000,.000000
5.000000,.3000000,1.250000,0,.000000,.000000
5.100000,.3000000,1.250000,0,.000000,.000000
5.200000,.3000000,1.250000,0,.000000,.000000
5.300000,.3000000,1.250000,0,.000000,.000000
5.400000,.3000000,1.250000,0,.000000,.000000
5.500000,.3000000,1.250000,0,.000000,.000000
5.600000,.3000000,1.250000,0,.000000,.000000
5.700000,.3000000,1.250000,0,.000000,.000000
5.800000,.3000000,1.250000,0,.000000,.000000
5.900000,.3000000,1.250000,0,.000000,.000000
6.000000,.3000000,1.250000,0,.000000,.000000
6.100000,.3000000,1.250000,0,.000000,.000000
6.200000,.3000000,1.250000,0,.000000,.000000
6.300000,.3000000,1.250000,0,.000000,.000000
6.400000,.3000000,1.250000,0,.000000,.000000
6.500000,.3000000,1.250000,0,.000000,.000000
6.600000,.3000000,1.250000,0,.000000,.000000
6.700000,.3000000,1.250000,0,.000000,.000000
6.800000,.3000000,1.250000,0,.000000,.000000
6.900000,.3000000,1.250000,0,.000000,.000000
7.000000,.3000000,1.250000,0,.000000,.000000
7.100000,.3000000,1.250000,0,.000000,.000000
7.200000,.3000000,1.250000,0,.000000,.000000
7.300000,.3000000,1.250000,0,.000000,.000000
7.400000,.3000000,1.250000,0,.000000,.000000
7.500000,.3000000,1.250000,0,.000000,.000000
7.600000,.3000000,1.250000,0,.000000,.000000
7.700000,.3000000,1.250000,0,.000000,.000000
7.800000,.3000000,1.250000,0,.000000,.000000
7.900000,.3000000,1.250000,0,.000000,.000000
8.000000,.3000000,1.250000,0,.000000,.000000
8.100000,.3000000,1.250000,0,.000000,.000000
8.200000,.3000000,1.250000,0,.000000,.000000
8.300000,.3000000,1.250000,0,.000000,.000000
8.400000,.3000000,1.250000,0,.000000,.000000
.000000,.4000000,1.250000,0,.000000,.000000
.1000000,.4000000,1.250000,0,.000000,.000000
.2000000,.4000000,1.250000,0,.000000,.000000
.3000000,.4000000,1.250000,0,.000000,.000000
.4000000,.4000000,1.250000,0,.000000,.000000
.5000000,.4000000,1.250000,0,.000000,.000000
.6000000,.4000000,1.250000,0,.000000,.000000
.7000000,.4000000,1.250000,0,.000000,.000000
.8000000,.4000000,1.250000,0,.000000,.000000
.9000000,.4000000,1.250000,0,.000000,.000000
1.000000,.4000000,1.250000,0,.000000,.000000
1.100000,.4000000,1.250000,0,.000000,.000000
1.200000,.4000000,1.250000,0,.000000,.000000
1.300000,.4000000,1.250000,0,.000000,.000000
1.400000,.4000000,1.250000,0,.000000,.000000
1.500000,.4000000,1.250000,0,.000000,.000000
1.600000,.4000000,1.250000,0,.000000,.000000
1.700000,.4000000,1.250000,0,.000000,.000000
1.800000,.4000000,1.250000,0,.000000,.000000
1.900000,.4000000,1.250000,0,.000000,.000000
2.000000,.4000000,1.250000,0,.000000,.000000
2.100000,.4000000,1.250000,0,.000000,.000000
2.200000,.4000000,1.250000,0,.000000,.000000
2.300000,.4000000,1.250000,0,.000000,.000000
2.400000,.4000000,1.250000,0,.000000,.000000
2.500000,.4000000,1.250000,0,.000000,.000000
2.600000,.4000000,1.250000,0,.000000,.000000
2.700000,.4000000,1.250000,0,.000000,.000000
2.800000,.4000000,1.250000,0,.000000,.000000
2.900000,.4000000,1.250000,0,.000000,.000000
3.000000,.4000000,1.250000,0,.000000,.000000
3.100000,.4000000,1.250000,0,.000000,.000000
3.200000,.4000000,1.250000,0,.000000,.000000
3.300000,.4000000,1.250000,0,.000000,.000000
3.400000,.4000000,1.250000,0,.000000,.000000
3.500000,.4000000,1.250000,0,.000000,.000000
3.600000,.4000000,1.250000,0,.000000,.000000
3.700000,.4000000,1.250000,0,.000000,.000000
3.800000,.4000000,1.250000,0,.000000,.000000
3.900000,.4000000,1.250000,0,.000000,.000000
4.000000,.4000000,1.250000,0,.000000,.000000
4.100000,.4000000,1.250000,0,.000000,.000000
4.200000,.4000000,1.250000,0,.000000,.000000
4.300000,.4000000,1.250000,0,.000000,.000000
4.400000,.4000000,1.250000,0,.000000,.000000
4.500000,.4000000,1.250000,0,.000000,.000000
4.600000,.4000000,1.250000,0,.000000,.000000
4.700000,.4000000,1.250000,0,.000000,.000000
4.800000,.4000000,1.250000,0,.000000,.000000
4.900000,.4000000,1.250000,0,.000000,.000000
5.000000,.4000000,1.250000,0,.000000,.000000
5.100000,.4000000,1.250000,0,.000000,.000000
5.200000,.4000000,1.250000,0,.000000,.000000
5.300000,.4000000,1.250000,0,.000000,.000000
5.400000,.4000000,1.250000,0,.000000,.000000
5.500000,.4000000,1.250000,0,.000000,.000000
5.600000,.4000000,1.250000,0,.000000,.000000
5.700000,.4000000,1.250000,0,.000000,.000000
5.800000,.4000000,1.250000,0,.000000,.000000
5.900000,.4000000,1.250000,0,.000000,.000000
6.000000,.4000000,1.250000,0,.000000,.000000
6.100000,.4000000,1.250000,0,.000000,.000000
6.200000,.4000000,1.250000,0,.000000,.000000
6.300000,.4000000,1.250000,0,.000000,.000000
6.400000,.4000000,1.250000,0,.000000,.000000
6.500000,.4000000,1.250000,0,.000000,.000000
6.600000,.4000000,1.250000,0,.000000,.000000
6.700000,.4000000,1.250000,0,.000000,.000000
6.800000,.4000000,1.250000,0,.000000,.000000
6.900000,.4000000,1.250000,0,.000000,.000000
7.000000,.4000000,1.250000,0,.000000,.000000
7.100000,.4000000,1.250000,0,.000000,.000000
7.200000,.4000000,1.250000,0,.000000,.000000
7.300000,.4000000,1.250000,0,.000000,.000000
7.400000,.4000000,1.250000,0,.000000,.000000
7.500000,.4000000,1.250000,0,.000000,.000000
7.600000,.4000000,1.250000,0,.000000,.000000
7.700000,.4000000,1.250000,0,.000000,.000000
7.800000,.4000000,1.250000,0,.000000,.000000
7.900000,.4000000,1.250000,0,.000000,.000000
8.000000,.4000000,1.250000,0,.000000,.000000
8.100000,.4000000,1.250000,0,.000000,.000000
8.200000,.4000000,1.250000,0,.000000,.000000
8.300000,.4000000,1.250000,0,.000000,.000000
8.400000,.4000000,1.250000,0,.000000,.000000
.000000,.5000000,1.250000,0,.000000,.000000
.1000000,.5000000,1.250000,0,.000000,.000000
.2000000,.5000000,1.250000,0,.000000,.000000
.3000000,.5000000,1.250000,0,.000000,.000000
.4000000,.5000000,1.250000,0,.000000,.000000
.5000000,.5000000,1.250000,0,.000000,.000000
.6000000,.5000000,1.250000,0,.000000,.000000
.7000000,.5000000,1.250000,0,.000000,.000000
.8000000,.5000000,1.250000,0,.000000,.000000
.9000000,.5000000,1.250000,0,.000000,.000000
1.000000,.5000000,1.250000,0,.000000,.000000
1.100000,.5000000,1.250000,0,.000000,.000000
1.200000,.5000000,1.250000,0,.000000,.000000
1.300000,.5000000,1.250000,0,.000000,.000000
1.400000,.5000000,1.250000,0,.000000,.000000
1.500000,.5000000,1.250000,0,.000000,.000000
1.600000,.5000000,1.250000,0,.000000,.000000
1.700000,.5000000,1.250000,0,.000000,.000000
1.800000,.5000000,1.250000,0,.000000,.000000
1.900000,.5000000,1.250000,0,.000000,.000000
2.000000,.5000000,1.250000,0,.000000,.000000
2.100000,.5000000,1.250000,0,.000000,.000000
2.200000,.5000000,1.250000,0,.000000,.000000
2.300000,.5000000,1.250000,0,.000000,.000000
2.400000,.5000000,1.250000,0,.000000,.000000
2.500000,.5000000,1.250000,0,.000000,.000000
2.600000,.5000000,1.250000,0,.000000,.000000
2.700000,.5000000,1.250000,0,.000000,.000000
2.800000,.5000000,1.250000,0,.000000,.000000
2.900000,.5000000,1.250000,0,.000000,.000000
3.000000,.5000000,1.250000,0,.000000,.000000
3.100000,.5000000,1.250000,0,.000000,.000000
3.200000,.5000000,1.250000,0,.000000,.000000
3.300000,.5000000,1.250000,0,.000000,.000000
3.400000,.5000000,1.250000,0,.000000,.000000
3.500000,.5000000,1.250000,0,.000000,.000000
3.600000,.5000000,1.250000,0,.000000,.000000
3.700000,.5000000,1.250000,0,.000000,.000000
3.800000,.5000000,1.250000,0,.000000,.000000
3.900000,.5000000,1.250000,0,.000000,.000000
4.000000,.5000000,1.250000,0,.000000,.000000
4.100000,.5000000,1.250000,0,.000000,.000000
4.200000,.5000000,1.250000,0,.000000,.000000
4.300000,.5000000,1.250000,0,.000000,.000000
4.400000,.5000000,1.250000,0,.000000,.000000
4.500000,.5000000,1.250000,0,.000000,.000000
4.600000,.5000000,1.250000,0,.000000,.000000
4.700000,.5000000,1.250000,0,.000000,.000000
4.800000,.5000000,1.250000,0,.000000,.000000
4.900000,.5000000,1.250000,0,.000000,.000000
5.000000,.5000000,1.250000,0,.000000,.000000
5.100000,.5000000,1.250000,0,.000000,.000000
5.200000,.5000000,1.250000,0,.000000,.000000
5.300000,.5000000,1.250000,0,.000000,.000000
5.400000,.5000000,1.250000,0,.000000,.000000
5.500000,.5000000,1.250000,0,.000000,.000000
5.600000,.5000000,1.250000,0,.000000,.000000
5.700000,.5000000,1.250000,0,.000000,.000000
5.800000,.5000000,1.250000,0,.000000,.000000
5.900000,.5000000,1.250000,0,.000000,.000000
6.000000,.5000000,1.250000,0,.000000,.000000
6.100000,.5000000,1.250000,0,.000000,.000000
6.200000,.5000000,1.250000,0,.000000,.000000
6.300000,.5000000,1.250000,0,.000000,.000000
6.400000,.5000000,1.250000,0,.000000,.000000
6.500000,.5000000,1.250000,0,.000000,.000000
6.600000,.5000000,1.250000,0,.000000,.000000
6.700000,.5000000,1.250000,0,.000000,.000000
6.800000,.5000000,1.250000,0,.000000,.000000
6.900000,.5000000,1.250000,0,.000000,.000000
7.000000,.5000000,1.250000,0,.000000,.000000
7.100000,.5000000,1.250000,0,.000000,.000000
7.200000,.5000000,1.250000,0,.000000,.000000
7.300000,.5000000,1.250000,0,.000000,.000000
7.400000,.5000000,1.250000,0,.000000,.000000
7.500000,.5000000,1.250000,0,.000000,.000000
7.600000,.5000000,1.250000,0,.000000,.000000
7.700000,.5000000,1.250000,0,.000000,.000000
7.800000,.5000000,1.250000,0,.000000,.000000
7.900000,.5000000,1.250000,0,.000000,.000000
8.000000,.5000000,1.250000,0,.000000,.000000
8.100000,.5000000,1.250000,0,.000000,.000000
8.200000,.5000000,1.250000,0,.000000,.000000
8.300000,.5000000,1.250000,0,.000000,.000000
8.400000,.5000000,1.250000,0,.000000,.000000
.000000,.6000000,1.250000,0,.000000,.000000
.1000000,.6000000,1.250000,0,.000000,.000000
.2000000,.6000000,1.250000,0,.000000,.000000
.3000000,.6000000,1.250000,0,.000000,.000000
.4000000,.6000000,1.250000,0,.000000,.000000
.5000000,.6000000,1.250000,0,.000000,.000000
.6000000,.6000000,1.250000,0,.000000,.000000
.7000000,.6000000,1.250000,0,.000000,.000000
.8000000,.6000000,1.250000,0,.000000,.000000
.9000000,.6000000,1.250000,0,.000000,.000000
1.000000,.6000000,1.250000,0,.000000,.000000
1.100000,.6000000,1.250000,0,.000000,.000000
1.200000,.6000000,1.250000,0,.000000,.000000
1.300000,.6000000,1.250000,0,.000000,.000000
1.400000,.6000000,1.250000,0,.000000,.000000
1.500000,.6000000,1.250000,0,.000000,.000000
1.600000,.6000000,1.250000,0,.000000,.000000
1.700000,.6000000,1.250000,0,.000000,.000000
1.800000,.6000000,1.250000,0,.000000,.000000
1.900000,.6000000,1.250000,0,.000000,.000000
2.000000,.6000000,1.250000,0,.000000,.000000
2.100000,.6000000,1.250000,0,.000000,.000000
2.200000,.6000000,1.250000,0,.000000,.000000
2.300000,.6000000,1.250000,0,.000000,.000000
2.400000,.6000000,1.250000,0,.000000,.000000
2.500000,.6000000,1.250000,0,.000000,.000000
2.600000,.6000000,1.250000,0,.000000,.000000
2.700000,.6000000,1.250000,0,.000000,.000000
2.800000,.6000000,1.250000,0,.000000,.000000
2.900000,.6000000,1.250000,0,.000000,.000000
3.000000,.6000000,1.250000,0,.000000,.000000
3.100000,.6000000,1.250000,0,.000000,.000000
3.200000,.6000000,1.250000,0,.000000,.000000
3.300000,.6000000,1.250000,0,.000000,.000000
3.400000,.6000000,1.250000,0,.000000,.000000
3.500000,.6000000,1.250000,0,.000000,.000000
3.600000,.6000000,1.250000,0,.000000,.000000
3.700000,.6000000,1.250000,0,.000000,.000000
3.800000,.6000000,1.250000,0,.000000,.000000
3.900000,.6000000,1.250000,0,.000000,.000000
4.000000,.6000000,1.250000,0,.000000,.000000
4.100000,.6000000,1.250000,0,.000000,.000000
4.200000,.6000000,1.250000,0,.000000,.000000
4.300000,.6000000,1.250000,0,.000000,.000000
4.400000,.6000000,1.250000,0,.000000,.000000
4.500000,.6000000,1.250000,0,.000000,.000000
4.600000,.6000000,1.250000,0,.000000,.000000
4.700000,.6000000,1.250000,0,.000000,.000000
4.800000,.6000000,1.250000,0,.000000,.000000
4.900000,.6000000,1.250000,0,.000000,.000000
5.000000,.6000000,1.250000,0,.000000,.000000
5.100000,.6000000,1.250000,0,.000000,.000000
5.200000,.6000000,1.250000,0,.000000,.000000
5.300000,.6000000,1.250000,0,.000000,.000000
5.400000,.6000000,1.250000,0,.000000,.000000
5.500000,.6000000,1.250000,0,.000000,.000000
5.600000,.6000000,1.250000,0,.000000,.000000
5.700000,.6000000,1.250000,0,.000000,.000000
5.800000,.6000000,1.250000,0,.000000,.000000
5.900000,.6000000,1.250000,0,.000000,.000000
6.000000,.6000000,1.250000,0,.000000,.000000
6.100000,.6000000,1.250000,0,.000000,.000000
6.200000,.6000000,1.250000,0,.000000,.000000
6.300000,.6000000,1.250000,0,.000000,.000000
6.400000,.6000000,1.250000,0,.000000,.000000
6.500000,.6000000,1.250000,0,.000000,.000000
6.600000,.6000000,1.250000,0,.000000,.000000
6.700000,.6000000,1.250000,0,.000000,.000000
6.800000,.6000000,1.250000,0,.000000,.000000
6.900000,.6000000,1.250000,0,.000000,.000000
7.000000,.6000000,1.250000,0,.000000,.000000
7.100000,.6000000,1.250000,0,.000000,.000000
7.200000,.6000000,1.250000,0,.000000,.000000
7.300000,.6000000,1.250000,0,.000000,.000000
7.400000,.6000000,1.250000,0,.000000,.000000
7.500000,.6000000,1.250000,0,.000000,.000000
7.600000,.6000000,1.250000,0,.000000,.000000
7.700000,.6000000,1.250000,0,.000000,.000000
7.800000,.6000000,1.250000,0,.000000,.000000
7.900000,.6000000,1.250000,0,.000000,.000000
8.000000,.6000000,1.250000,0,.000000,.000000
8.100000,.6000000,1.250000,0,.000000,.000000
8.200000,.6000000,1.250000,0,.000000,.000000
8.300000,.6000000,1.250000,0,.000000,.000000
8.400000,.6000000,1.250000,0,.000000,.000000
.000000,.7000000,1.250000,0,.000000,.000000
.1000000,.7000000,1.250000,0,.000000,.000000
.2000000,.7000000,1.250000,0,.000000,.000000
.3000000,.7000000,1.250000,0,.000000,.000000
.4000000,.7000000,1.250000,0,.000000,.000000
.5000000,.7000000,1.250000,0,.000000,.000000
.6000000,.7000000,1.250000,0,.000000,.000000
.7000000,.7000000,1.250000,0,.000000,.000000
.8000000,.7000000,1.250000,0,.000000,.000000
.9000000,.7000000,1.250000,0,.000000,.000000
1.000000,.7000000,1.250000,0,.000000,.000000
1.100000,.7000000,1.250000,0,.000000,.000000
1.200000,.7000000,1.250000,0,.000000,.000000
1.300000,.7000000,1.250000,0,.000000,.000000
1.400000,.7000000,1.250000,0,.000000,.000000
1.500000,.7000000,1.250000,0,.000000,.000000
1.600000,.7000000,1.250000,0,.000000,.000000
1.700000,.7000000,1.250000,0,.000000,.000000
1.800000,.7000000,1.250000,0,.000000,.000000
1.900000,.7000000,1.250000,0,.000000,.000000
2.000000,.7000000,1.250000,0,.000000,.000000
2.100000,.7000000,1.250000,0,.000000,.000000
2.200000,.7000000,1.250000,0,.000000,.000000
2.300000,.7000000,1.250000,0,.000000,.000000
2.400000,.7000000,1.250000,0,.000000,.000000
2.500000,.7000000,1.250000,0,.000000,.000000
2.600000,.7000000,1.250000,0,.000000,.000000
2.700000,.7000000,1.250000,0,.000000,.000000
2.800000,.7000000,1.250000,0,.000000,.000000
2.900000,.7000000,1.250000,0,.000000,.000000
3.000000,.7000000,1.250000,0,.000000,.000000
3.100000,.7000000,1.250000,0,.000000,.000000
3.200000,.7000000,1.250000,0,.000000,.000000
3.300000,.7000000,1.250000,0,.000000,.000000
3.400000,.7000000,1.250000,0,.000000,.000000
3.500000,.7000000,1.250000,0,.000000,.000000
3.600000,.7000000,1.250000,0,.000000,.000000
3.700000,.7000000,1.250000,0,.000000,.000000
3.800000,.7000000,1.250000,0,.000000,.000000
3.900000,.7000000,1.250000,0,.000000,.000000
4.000000,.7000000,1.250000,0,.000000,.000000
4.100000,.7000000,1.250000,0,.000000,.000000
4.200000,.7000000,1.250000,0,.000000,.000000
4.300000,.7000000,1.250000,0,.000000,.000000
4.400000,.7000000,1.250000,0,.000000,.000000
4.500000,.7000000,1.250000,0,.000000,.000000
4.600000,.7000000,1.250000,0,.000000,.000000
4.700000,.7000000,1.250000,0,.000000,.000000
4.800000,.7000000,1.250000,0,.000000,.000000
4.900000,.7000000,1.250000,0,.000000,.000000
5.000000,.7000000,1.250000,0,.000000,.000000
5.100000,.7000000,1.250000,0,.000000,.000000
5.200000,.7000000,1.250000,0,.000000,.000000
5.300000,.7000000,1.250000,0,.000000,.000000
5.400000,.7000000,1.250000,0,.000000,.000000
5.500000,.7000000,1.250000,0,.000000,.000000
5.600000,.7000000,1.250000,0,.000000,.000000
5.700000,.7000000,1.250000,0,.000000,.000000
5.800000,.7000000,1.250000,0,.000000,.000000
5.900000,.7000000,1.250000,0,.000000,.000000
6.000000,.7000000,1.250000,0,.000000,.000000
6.100000,.7000000,1.250000,0,.000000,.000000
6.200000,.7000000,1.250000,0,.000000,.000000
6.300000,.7000000,1.250000,0,.000000,.000000
6.400000,.7000000,1.250000,0,.000000,.000000
6.500000,.7000000,1.250000,0,.000000,.000000
6.600000,.7000000,1.250000,0,.000000,.000000
6.700000,.7000000,1.250000,0,.000000,.000000
6.800000,.7000000,1.250000,0,.000000,.000000
6.900000,.7000000,1.250000,0,.000000,.000000
7.000000,.7000000,1.250000,0,.000000,.000000
7.100000,.7000000,1.250000,0,.000000,.000000
7.200000,.7000000,1.250000,0,.000000,.000000
7.300000,.7000000,1.250000,0,.000000,.000000
7.400000,.7000000,1.250000,0,.000000,.000000
7.500000,.7000000,1.250000,0,.000000,.000000
7.600000,.7000000,1.250000,0,.000000,.000000
7.700000,.7000000,1.250000,0,.000000,.000000
7.800000,.7000000,1.250000,0,.000000,.000000
7.900000,.7000000,1.250000,0,.000000,.000000
8.000000,.7000000,1.250000,0,.000000,.000000
8.100000,.7000000,1.250000,0,.000000,.000000
8.200000,.7000000,1.250000,0,.000000,.000000
8.300000,.7000000,1.250000,0,.000000,.000000
8.400000,.7000000,1.250000,0,.000000,.000000
.000000,.8000000,1.250000,0,.000000,.000000
.1000000,.8000000,1.250000,0,.000000,.000000
.2000000,.8000000,1.250000,0,.000000,.000000
.3000000,.8000000,1.250000,0,.000000,.000000
.4000000,.8000000,1.250000,0,.000000,.000000
.5000000,.8000000,1.250000,0,.000000,.000000
.6000000,.8000000,1.250000,0,.000000,.000000
.7000000,.8000000,1.250000,0,.000000,.000000
.8000000,.8000000,1.250000,0,.000000,.000000
.9000000,.8000000,1.250000,0,.000000,.000000
1.000000,.8000000,1.250000,0,.000000,.000000
1.100000,.8000000,1.250000,0,.000000,.000000
1.200000,.8000000,1.250000,0,.000000,.000000
1.300000,.8000000,1.250000,0,.000000,.000000
1.400000,.8000000,1.250000,0,.000000,.000000
1.500000,.8000000,1.250000,0,.000000,.000000
1.600000,.8000000,1.250000,0,.000000,.000000
1.700000,.8000000,1.250000,0,.000000,.000000
1.800000,.8000000,1.250000,0,.000000,.000000
1.900000,.8000000,1.250000,0,.000000,.000000
2.000000,.8000000,1.250000,0,.000000,.000000
2.100000,.8000000,1.250000,0,.000000,.000000
2.200000,.8000000,1.250000,0,.000000,.000000
2.300000,.8000000,1.250000,0,.000000,.000000
2.400000,.8000000,1.250000,0,.000000,.000000
2.500000,.8000000,1.250000,0,.000000,.000000
2.600000,.8000000,1.250000,0,.000000,.000000
2.700000,.8000000,1.250000,0,.000000,.000000
2.800000,.8000000,1.250000,0,.000000,.000000
2.900000,.8000000,1.250000,0,.000000,.000000
3.000000,.8000000,1.250000,0,.000000,.000000
3.100000,.8000000,1.250000,0,.000000,.000000
3.200000,.8000000,1.250000,0,.000000,.000000
3.300000,.8000000,1.250000,0,.000000,.000000
3.400000,.8000000,1.250000,0,.000000,.000000
3.500000,.8000000,1.250000,0,.000000,.000000
3.600000,.8000000,1.250000,0,.000000,.000000
3.700000,.8000000,1.250000,0,.000000,.000000
3.800000,.8000000,1.250000,0,.000000,.000000
3.900000,.8000000,1.250000,0,.000000,.000000
4.000000,.8000000,1.250000,0,.000000,.000000
4.100000,.8000000,1.250000,0,.000000,.000000
4.200000,.8000000,1.250000,0,.000000,.000000
4.300000,.8000000,1.250000,0,.000000,.000000
4.400000,.8000000,1.250000,0,.000000,.000000
4.500000,.8000000,1.250000,0,.000000,.000000
4.600000,.8000000,1.250000,0,.000000,.000000
4.700000,.8000000,1.250000,0,.000000,.000000
4.800000,.8000000,1.250000,0,.000000,.000000
4.900000,.8000000,1.250000,0,.000000,.000000
5.000000,.8000000,1.250000,0,.000000,.000000
5.100000,.8000000,1.250000,0,.000000,.000000
5.200000,.8000000,1.250000,0,.000000,.000000
5.300000,.8000000,1.250000,0,.000000,.000000
5.400000,.8000000,1.250000,0,.000000,.000000
5.500000,.8000000,1.250000,0,.000000,.000000
5.600000,.8000000,1.250000,0,.000000,.000000
5.700000,.8000000,1.250000,0,.000000,.000000
5.800000,.8000000,1.250000,0,.000000,.000000
5.900000,.8000000,1.250000,0,.000000,.000000
6.000000,.8000000,1.250000,0,.000000,.000000
6.100000,.8000000,1.250000,0,.000000,.000000
6.200000,.8000000,1.250000,0,.000000,.000000
6.300000,.8000000,1.250000,0,.000000,.000000
6.400000,.8000000,1.250000,0,.000000,.000000
6.500000,.8000000,1.250000,0,.000000,.000000
6.600000,.8000000,1.250000,0,.000000,.000000
6.700000,.8000000,1.250000,0,.000000,.000000
6.800000,.8000000,1.250000,0,.000000,.000000
6.900000,.8000000,1.250000,0,.000000,.000000
7.000000,.8000000,1.250000,0,.000000,.000000
7.100000,.8000000,1.250000,0,.000000,.000000
7.200000,.8000000,1.250000,0,.000000,.000000
7.300000,.8000000,1.250000,0,.000000,.000000
7.400000,.8000000,1.250000,0,.000000,.000000
7.500000,.8000000,1.250000,0,.000000,.000000
7.600000,.8000000,1.250000,0,.000000,.000000
7.700000,.8000000,1.250000,0,.000000,.000000
7.800000,.8000000,1.250000,0,.000000,.000000
7.900000,.8000000,1.250000,0,.000000,.000000
8.000000,.8000000,1.250000,0,.000000,.000000
8.100000,.8000000,1.250000,0,.000000,.000000
8.200000,.8000000,1.250000,0,.000000,.000000
8.300000,.8000000,1.250000,0,.000000,.000000
8.400000,.8000000,1.250000,0,.000000,.000000
.000000,.9000000,1.250000,0,.000000,.000000
.1000000,.9000000,1.250000,0,.000000,.000000
.2000000,.9000000,1.250000,0,.000000,.000000
.3000000,.9000000,1.250000,0,.000000,.000000
.4000000,.9000000,1.250000,0,.000000,.000000
.5000000,.9000000,1.250000,0,.000000,.000000
.6000000,.9000000,1.250000,0,.000000,.000000
.7000000,.9000000,1.250000,0,.000000,.000000
.8000000,.9000000,1.250000,0,.000000,.000000
.9000000,.9000000,1.250000,0,.000000,.000000
1.000000,.9000000,1.250000,0,.000000,.000000
1.100000,.9000000,1.250000,0,.000000,.000000
1.200000,.9000000,1.250000,0,.000000,.000000
1.300000,.9000000,1.250000,0,.000000,.000000
1.400000,.9000000,1.250000,0,.000000,.000000
1.500000,.9000000,1.250000,0,.000000,.000000
1.600000,.9000000,1.250000,0,.000000,.000000
1.700000,.9000000,1.250000,0,.000000,.000000
1.800000,.9000000,1.250000,0,.000000,.000000
1.900000,.9000000,1.250000,0,.000000,.000000
2.000000,.9000000,1.250000,0,.000000,.000000
2.100000,.9000000,1.250000,0,.000000,.000000
2.200000,.9000000,1.250000,0,.000000,.000000
2.300000,.9000000,1.250000,0,.000000,.000000
2.400000,.9000000,1.250000,0,.000000,.000000
2.500000,.9000000,1.250000,0,.000000,.000000
2.600000,.9000000,1.250000,0,.000000,.000000
2.700000,.9000000,1.250000,0,.000000,.000000
2.800000,.9000000,1.250000,0,.000000,.000000
2.900000,.9000000,1.250000,0,.000000,.000000
3.000000,.9000000,1.250000,0,.000000,.000000
3.100000,.9000000,1.250000,0,.000000,.000000
3.200000,.9000000,1.250000,0,.000000,.000000
3.300000,.9000000,1.250000,0,.000000,.000000
3.400000,.9000000,1.250000,0,.000000,.000000
3.500000,.9000000,1.250000,0,.000000,.000000
3.600000,.9000000,1.250000,0,.000000,.000000
3.700000,.9000000,1.250000,0,.000000,.000000
3.800000,.9000000,1.250000,0,.000000,.000000
3.900000,.9000000,1.250000,0,.000000,.000000
4.000000,.9000000,1.250000,0,.000000,.000000
4.100000,.9000000,1.250000,0,.000000,.000000
4.200000,.9000000,1.250000,0,.000000,.000000
4.300000,.9000000,1.250000,0,.000000,.000000
4.400000,.9000000,1.250000,0,.000000,.000000
4.500000,.9000000,1.250000,0,.000000,.000000
4.600000,.9000000,1.250000,0,.000000,.000000
4.700000,.9000000,1.250000,0,.000000,.000000
4.800000,.9000000,1.250000,0,.000000,.000000
4.900000,.9000000,1.250000,0,.000000,.000000
5.000000,.9000000,1.250000,0,.000000,.000000
5.100000,.9000000,1.250000,0,.000000,.000000
5.200000,.9000000,1.250000,0,.000000,.000000
5.300000,.9000000,1.250000,0,.000000,.000000
5.400000,.9000000,1.250000,0,.000000,.000000
5.500000,.9000000,1.250000,0,.000000,.000000
5.600000,.9000000,1.250000,0,.000000,.000000
5.700000,.9000000,1.250000,0,.000000,.000000
5.800000,.9000000,1.250000,0,.000000,.000000
5.900000,.9000000,1.250000,0,.000000,.000000
6.000000,.9000000,1.250000,0,.000000,.000000
6.100000,.9000000,1.250000,0,.000000,.000000
6.200000,.9000000,1.250000,0,.000000,.000000
6.300000,.9000000,1.250000,0,.000000,.000000
6.400000,.9000000,1.250000,0,.000000,.000000
6.500000,.9000000,1.250000,0,.000000,.000000
6.600000,.9000000,1.250000,0,.000000,.000000
6.700000,.9000000,1.250000,0,.000000,.000000
6.800000,.9000000,1.250000,0,.000000,.000000
6.900000,.9000000,1.250000,0,.000000,.000000
7.000000,.9000000,1.250000,0,.000000,.000000
7.100000,.9000000,1.250000,0,.000000,.000000
7.200000,.9000000,1.250000,0,.000000,.000000
7.300000,.9000000,1.250000,0,.000000,.000000
7.400000,.9000000,1.250000,0,.000000,.000000
7.500000,.9000000,1.250000,0,.000000,.000000
7.600000,.9000000,1.250000,0,.000000,.000000
7.700000,.9000000,1.250000,0,.000000,.000000
7.800000,.9000000,1.250000,0,.000000,.000000
7.900000,.9000000,1.250000,0,.000000,.000000
8.000000,.9000000,1.250000,0,.000000,.000000
8.100000,.9000000,1.250000,0,.000000,.000000
8.200000,.9000000,1.250000,0,.000000,.000000
8.300000,.9000000,1.250000,0,.000000,.000000
8.400000,.9000000,1.250000,0,.000000,.000000
.000000,1.000000,1.250000,0,.000000,.000000
.1000000,1.000000,1.250000,0,.000000,.000000
.2000000,1.000000,1.250000,0,.000000,.000000
.3000000,1.000000,1.250000,0,.000000,.000000
.4000000,1.000000,1.250000,0,.000000,.000000
.5000000,1.000000,1.250000,0,.000000,.000000
.6000000,1.000000,1.250000,0,.000000,.000000
.7000000,1.000000,1.250000,0,.000000,.000000
.8000000,1.000000,1.250000,0,.000000,.000000
.9000000,1.000000,1.250000,0,.000000,.000000
1.000000,1.000000,1.250000,0,.000000,.000000
1.100000,1.000000,1.250000,0,.000000,.000000
1.200000,1.000000,1.250000,0,.000000,.000000
1.300000,1.000000,1.250000,0,.000000,.000000
1.400000,1.000000,1.250000,0,.000000,.000000
1.500000,1.000000,1.250000,0,.000000,.000000
1.600000,1.000000,1.250000,0,.000000,.000000
1.700000,1.000000,1.250000,0,.000000,.000000
1.800000,1.000000,1.250000,0,.000000,.000000
1.900000,1.000000,1.250000,0,.000000,.000000
2.000000,1.000000,1.250000,0,.000000,.000000
2.100000,1.000000,1.250000,0,.000000,.000000
2.200000,1.000000,1.250000,0,.000000,.000000
2.300000,1.000000,1.250000,0,.000000,.000000
2.400000,1.000000,1.250000,0,.000000,.000000
2.500000,1.000000,1.250000,0,.000000,.000000
2.600000,1.000000,1.250000,0,.000000,.000000
2.700000,1.000000,1.250000,0,.000000,.000000
2.800000,1.000000,1.250000,0,.000000,.000000
2.900000,1.000000,1.250000,0,.000000,.000000
3.000000,1.000000,1.250000,0,.000000,.000000
3.100000,1.000000,1.250000,0,.000000,.000000
3.200000,1.000000,1.250000,0,.000000,.000000
3.300000,1.000000,1.250000,0,.000000,.000000
3.400000,1.000000,1.250000,0,.000000,.000000
3.500000,1.000000,1.250000,0,.000000,.000000
3.600000,1.000000,1.250000,0,.000000,.000000
3.700000,1.000000,1.250000,0,.000000,.000000
3.800000,1.000000,1.250000,0,.000000,.000000
3.900000,1.000000,1.250000,0,.000000,.000000
4.000000,1.000000,1.250000,0,.000000,.000000
4.100000,1.000000,1.250000,0,.000000,.000000
4.200000,1.000000,1.250000,0,.000000,.000000
4.300000,1.000000,1.250000,0,.000000,.000000
4.400000,1.000000,1.250000,0,.000000,.000000
4.500000,1.000000,1.250000,0,.000000,.000000
4.600000,1.000000,1.250000,0,.000000,.000000
4.700000,1.000000,1.250000,0,.000000,.000000
4.800000,1.000000,1.250000,0,.000000,.000000
4.900000,1.000000,1.250000,0,.000000,.000000
5.000000,1.000000,1.250000,0,.000000,.000000
5.100000,1.000000,1.250000,0,.000000,.000000
5.200000,1.000000,1.250000,0,.000000,.000000
5.300000,1.000000,1.250000,0,.000000,.000000
5.400000,1.000000,1.250000,0,.000000,.000000
5.500000,1.000000,1.250000,0,.000000,.000000
5.600000,1.000000,1.250000,0,.000000,.000000
5.700000,1.000000,1.250000,0,.000000,.000000
5.800000,1.000000,1.250000,0,.000000,.000000
5.900000,1.000000,1.250000,0,.000000,.000000
6.000000,1.000000,1.250000,0,.000000,.000000
6.100000,1.000000,1.250000,0,.000000,.000000
6.200000,1.000000,1.250000,0,.000000,.000000
6.300000,1.000000,1.250000,0,.000000,.000000
6.400000,1.000000,1.250000,0,.000000,.000000
6.500000,1.000000,1.250000,0,.000000,.000000
6.600000,1.000000,1.250000,0,.000000,.000000
6.700000,1.000000,1.250000,0,.000000,.000000
6.800000,1.000000,1.250000,0,.000000,.000000
6.900000,1.000000,1.250000,0,.000000,.000000
7.000000,1.000000,1.250000,0,.000000,.000000
7.100000,1.000000,1.250000,0,.000000,.000000
7.200000,1.000000,1.250000,0,.000000,.000000
7.300000,1.000000,1.250000,0,.000000,.000000
7.400000,1.000000,1.250000,0,.000000,.000000
7.500000,1.000000,1.250000,0,.000000,.000000
7.600000,1.000000,1.250000,0,.000000,.000000
7.700000,1.000000,1.250000,0,.000000,.000000
7.800000,1.000000,1.250000,0,.000000,.000000
7.900000,1.000000,1.250000,0,.000000,.000000
8.000000,1.000000,1.250000,0,.000000,.000000
8.100000,1.000000,1.250000,0,.000000,.000000
8.200000,1.000000,1.250000,0,.000000,.000000
8.300000,1.000000,1.250000,0,.000000,.000000
8.400000,1.000000,1.250000,0,.000000,.000000
.000000,1.100000,1.250000,0,.000000,.000000
.1000000,1.100000,1.250000,0,.000000,.000000
.2000000,1.100000,1.250000,0,.000000,.000000
.3000000,1.100000,1.250000,0,.000000,.000000
.4000000,1.100000,1.250000,0,.000000,.000000
.5000000,1.100000,1.250000,0,.000000,.000000
.6000000,1.100000,1.250000,0,.000000,.000000
.7000000,1.100000,1.250000,0,.000000,.000000
.8000000,1.100000,1.250000,0,.000000,.000000
.9000000,1.100000,1.250000,0,.000000,.000000
1.000000,1.100000,1.250000,0,.000000,.000000
1.100000,1.100000,1.250000,0,.000000,.000000
1.200000,1.100000,1.250000,0,.000000,.000000
1.300000,1.100000,1.250000,0,.000000,.000000
1.400000,1.100000,1.250000,0,.000000,.000000
1.500000,1.100000,1.250000,0,.000000,.000000
1.600000,1.100000,1.250000,0,.000000,.000000
1.700000,1.100000,1.250000,0,.000000,.000000
1.800000,1.100000,1.250000,0,.000000,.000000
1.900000,1.100000,1.250000,0,.000000,.000000
2.000000,1.100000,1.250000,0,.000000,.000000
2.100000,1.100000,1.250000,0,.000000,.000000
2.200000,1.100000,1.250000,0,.000000,.000000
2.300000,1.100000,1.250000,0,.000000,.000000
2.400000,1.100000,1.250000,0,.000000,.000000
2.500000,1.100000,1.250000,0,.000000,.000000
2.600000,1.100000,1.250000,0,.000000,.000000
2.700000,1.100000,1.250000,0,.000000,.000000
2.800000,1.100000,1.250000,0,.000000,.000000
2.900000,1.100000,1.250000,0,.000000,.000000
3.000000,1.100000,1.250000,0,.000000,.000000
3.100000,1.100000,1.250000,0,.000000,.000000
3.200000,1.100000,1.250000,0,.000000,.000000
3.300000,1.100000,1.250000,0,.000000,.000000
3.400000,1.100000,1.250000,0,.000000,.000000
3.500000,1.100000,1.250000,0,.000000,.000000
3.600000,1.100000,1.250000,0,.000000,.000000
3.700000,1.100000,1.250000,0,.000000,.000000
3.800000,1.100000,1.250000,0,.000000,.000000
3.900000,1.100000,1.250000,0,.000000,.000000
4.000000,1.100000,1.250000,0,.000000,.000000
4.100000,1.100000,1.250000,0,.000000,.000000
4.200000,1.100000,1.250000,0,.000000,.000000
4.300000,1.100000,1.250000,0,.000000,.000000
4.400000,1.100000,1.250000,0,.000000,.000000
4.500000,1.100000,1.250000,0,.000000,.000000
4.600000,1.100000,1.250000,0,.000000,.000000
4.700000,1.100000,1.250000,0,.000000,.000000
4.800000,1.100000,1.250000,0,.000000,.000000
4.900000,1.100000,1.250000,0,.000000,.000000
5.000000,1.100000,1.250000,0,.000000,.000000
5.100000,1.100000,1.250000,0,.000000,.000000
5.200000,1.100000,1.250000,0,.000000,.000000
5.300000,1.100000,1.250000,0,.000000,.000000
5.400000,1.100000,1.250000,0,.000000,.000000
5.500000,1.100000,1.250000,0,.000000,.000000
5.600000,1.100000,1.250000,0,.000000,.000000
5.700000,1.100000,1.250000,0,.000000,.000000
5.800000,1.100000,1.250000,0,.000000,.000000
5.900000,1.100000,1.250000,0,.000000,.000000
6.000000,1.100000,1.250000,0,.000000,.000000
6.100000,1.100000,1.250000,0,.000000,.000000
6.200000,1.100000,1.250000,0,.000000,.000000
6.300000,1.100000,1.250000,0,.000000,.000000
6.400000,1.100000,1.250000,0,.000000,.000000
6.500000,1.100000,1.250000,0,.000000,.000000
6.600000,1.100000,1.250000,0,.000000,.000000
6.700000,1.100000,1.250000,0,.000000,.000000
6.800000,1.100000,1.250000,0,.000000,.000000
6.900000,1.100000,1.250000,0,.000000,.000000
7.000000,1.100000,1.250000,0,.000000,.000000
7.100000,1.100000,1.250000,0,.000000,.000000
7.200000,1.100000,1.250000,0,.000000,.000000
7.300000,1.100000,1.250000,0,.000000,.000000
7.400000,1.100000,1.250000,0,.000000,.000000
7.500000,1.100000,1.250000,0,.000000,.000000
7.600000,1.100000,1.250000,0,.000000,.000000
7.700000,1.100000,1.250000,0,.000000,.000000
7.800000,1.100000,1.250000,0,.000000,.000000
7.900000,1.100000,1.250000,0,.000000,.000000
8.000000,1.100000,1.250000,0,.000000,.000000
8.100000,1.100000,1.250000,0,.000000,.000000
8.200000,1.100000,1.250000,0,.000000,.000000
8.300000,1.100000,1.250000,0,.000000,.000000
8.400000,1.100000,1.250000,0,.000000,.000000
.000000,1.200000,1.250000,0,.000000,.000000
.1000000,1.200000,1.250000,0,.000000,.000000
.2000000,1.200000,1.250000,0,.000000,.000000
.3000000,1.200000,1.250000,0,.000000,.000000
.4000000,1.200000,1.250000,0,.000000,.000000
.5000000,1.200000,1.250000,0,.000000,.000000
.6000000,1.200000,1.250000,0,.000000,.000000
.7000000,1.200000,1.250000,0,.000000,.000000
.8000000,1.200000,1.250000,0,.000000,.000000
.9000000,1.200000,1.250000,0,.000000,.000000
1.000000,1.200000,1.250000,0,.000000,.000000
1.100000,1.200000,1.250000,0,.000000,.000000
1.200000,1.200000,1.250000,0,.000000,.000000
1.300000,1.200000,1.250000,0,.000000,.000000
1.400000,1.200000,1.250000,0,.000000,.000000
1.500000,1.200000,1.250000,0,.000000,.000000
1.600000,1.200000,1.250000,0,.000000,.000000
1.700000,1.200000,1.250000,0,.000000,.000000
1.800000,1.200000,1.250000,0,.000000,.000000
1.900000,1.200000,1.250000,0,.000000,.000000
2.000000,1.200000,1.250000,0,.000000,.000000
2.100000,1.200000,1.250000,0,.000000,.000000
2.200000,1.200000,1.250000,0,.000000,.000000
2.300000,1.200000,1.250000,0,.000000,.000000
2.400000,1.200000,1.250000,0,.000000,.000000
2.500000,1.200000,1.250000,0,.000000,.000000
2.600000,1.200000,1.250000,0,.000000,.000000
2.700000,1.200000,1.250000,0,.000000,.000000
2.800000,1.200000,1.250000,0,.000000,.000000
2.900000,1.200000,1.250000,0,.000000,.000000
3.000000,1.200000,1.250000,0,.000000,.000000
3.100000,1.200000,1.250000,0,.000000,.000000
3.200000,1.200000,1.250000,0,.000000,.000000
3.300000,1.200000,1.250000,0,.000000,.000000
3.400000,1.200000,1.250000,0,.000000,.000000
3.500000,1.200000,1.250000,0,.000000,.000000
3.600000,1.200000,1.250000,0,.000000,.000000
3.700000,1.200000,1.250000,0,.000000,.000000
3.800000,1.200000,1.250000,0,.000000,.000000
3.900000,1.200000,1.250000,0,.000000,.000000
4.000000,1.200000,1.250000,0,.000000,.000000
4.100000,1.200000,1.250000,0,.000000,.000000
4.200000,1.200000,1.250000,0,.000000,.000000
4.300000,1.200000,1.250000,0,.000000,.000000
4.400000,1.200000,1.250000,0,.000000,.000000
4.500000,1.200000,1.250000,0,.000000,.000000
4.600000,1.200000,1.250000,0,.000000,.000000
4.700000,1.200000,1.250000,0,.000000,.000000
4.800000,1.200000,1.250000,0,.000000,.000000
4.900000,1.200000,1.250000,0,.000000,.000000
5.000000,1.200000,1.250000,0,.000000,.000000
5.100000,1.200000,1.250000,0,.000000,.000000
5.200000,1.200000,1.250000,0,.000000,.000000
5.300000,1.200000,1.250000,0,.000000,.000000
5.400000,1.200000,1.250000,0,.000000,.000000
5.500000,1.200000,1.250000,0,.000000,.000000
5.600000,1.200000,1.250000,0,.000000,.000000
5.700000,1.200000,1.250000,0,.000000,.000000
5.800000,1.200000,1.250000,0,.000000,.000000
5.900000,1.200000,1.250000,0,.000000,.000000
6.000000,1.200000,1.250000,0,.000000,.000000
6.100000,1.200000,1.250000,0,.000000,.000000
6.200000,1.200000,1.250000,0,.000000,.000000
6.300000,1.200000,1.250000,0,.000000,.000000
6.400000,1.200000,1.250000,0,.000000,.000000
6.500000,1.200000,1.250000,0,.000000,.000000
6.600000,1.200000,1.250000,0,.000000,.000000
6.700000,1.200000,1.250000,0,.000000,.000000
6.800000,1.200000,1.250000,0,.000000,.000000
6.900000,1.200000,1.250000,0,.000000,.000000
7.000000,1.200000,1.250000,0,.000000,.000000
7.100000,1.200000,1.250000,0,.000000,.000000
7.200000,1.200000,1.250000,0,.000000,.000000
7.300000,1.200000,1.250000,0,.000000,.000000
7.400000,1.200000,1.250000,0,.000000,.000000
7.500000,1.200000,1.250000,0,.000000,.000000
7.600000,1.200000,1.250000,0,.000000,.000000
7.700000,1.200000,1.250000,0,.000000,.000000
7.800000,1.200000,1.250000,0,.000000,.000000
7.900000,1.200000,1.250000,0,.000000,.000000
8.000000,1.200000,1.250000,0,.000000,.000000
8.100000,1.200000,1.250000,0,.000000,.000000
8.200000,1.200000,1.250000,0,.000000,.000000
8.300000,1.200000,1.250000,0,.000000,.000000
8.400000,1.200000,1.250000,0,.000000,.000000
.000000,1.300000,1.250000,0,.000000,.000000
.1000000,1.300000,1.250000,0,.000000,.000000
.2000000,1.300000,1.250000,0,.000000,.000000
.3000000,1.300000,1.250000,0,.000000,.000000
.4000000,1.300000,1.250000,0,.000000,.000000
.5000000,1.300000,1.250000,0,.000000,.000000
.6000000,1.300000,1.250000,0,.000000,.000000
.7000000,1.300000,1.250000,0,.000000,.000000
.8000000,1.300000,1.250000,0,.000000,.000000
.9000000,1.300000,1.250000,0,.000000,.000000
1.000000,1.300000,1.250000,0,.000000,.000000
1.100000,1.300000,1.250000,0,.000000,.000000
1.200000,1.300000,1.250000,0,.000000,.000000
1.300000,1.300000,1.250000,0,.000000,.000000
1.400000,1.300000,1.250000,0,.000000,.000000
1.500000,1.300000,1.250000,0,.000000,.000000
1.600000,1.300000,1.250000,0,.000000,.000000
1.700000,1.300000,1.250000,0,.000000,.000000
1.800000,1.300000,1.250000,0,.000000,.000000
1.900000,1.300000,1.250000,0,.000000,.000000
2.000000,1.300000,1.250000,0,.000000,.000000
2.100000,1.300000,1.250000,0,.000000,.000000
2.200000,1.300000,1.250000,0,.000000,.000000
2.300000,1.300000,1.250000,0,.000000,.000000
2.400000,1.300000,1.250000,0,.000000,.000000
2.500000,1.300000,1.250000,0,.000000,.000000
2.600000,1.300000,1.250000,0,.000000,.000000
2.700000,1.300000,1.250000,0,.000000,.000000
2.800000,1.300000,1.250000,0,.000000,.000000
2.900000,1.300000,1.250000,0,.000000,.000000
3.000000,1.300000,1.250000,0,.000000,.000000
3.100000,1.300000,1.250000,0,.000000,.000000
3.200000,1.300000,1.250000,0,.000000,.000000
3.300000,1.300000,1.250000,0,.000000,.000000
3.400000,1.300000,1.250000,0,.000000,.000000
3.500000,1.300000,1.250000,0,.000000,.000000
3.600000,1.300000,1.250000,0,.000000,.000000
3.700000,1.300000,1.250000,0,.000000,.000000
3.800000,1.300000,1.250000,0,.000000,.000000
3.900000,1.300000,1.250000,0,.000000,.000000
4.000000,1.300000,1.250000,0,.000000,.000000
4.100000,1.300000,1.250000,0,.000000,.000000
4.200000,1.300000,1.250000,0,.000000,.000000
4.300000,1.300000,1.250000,0,.000000,.000000
4.400000,1.300000,1.250000,0,.000000,.000000
4.500000,1.300000,1.250000,0,.000000,.000000
4.600000,1.300000,1.250000,0,.000000,.000000
4.700000,1.300000,1.250000,0,.000000,.000000
4.800000,1.300000,1.250000,0,.000000,.000000
4.900000,1.300000,1.250000,0,.000000,.000000
5.000000,1.300000,1.250000,0,.000000,.000000
5.100000,1.300000,1.250000,0,.000000,.000000
5.200000,1.300000,1.250000,0,.000000,.000000
5.300000,1.300000,1.250000,0,.000000,.000000
5.400000,1.300000,1.250000,0,.000000,.000000
5.500000,1.300000,1.250000,0,.000000,.000000
5.600000,1.300000,1.250000,0,.000000,.000000
5.700000,1.300000,1.250000,0,.000000,.000000
5.800000,1.300000,1.250000,0,.000000,.000000
5.900000,1.300000,1.250000,0,.000000,.000000
6.000000,1.300000,1.250000,0,.000000,.000000
6.100000,1.300000,1.250000,0,.000000,.000000
6.200000,1.300000,1.250000,0,.000000,.000000
6.300000,1.300000,1.250000,0,.000000,.000000
6.400000,1.300000,1.250000,0,.000000,.000000
6.500000,1.300000,1.250000,0,.000000,.000000
6.600000,1.300000,1.250000,0,.000000,.000000
6.700000,1.300000,1.250000,0,.000000,.000000
6.800000,1.300000,1.250000,0,.000000,.000000
6.900000,1.300000,1.250000,0,.000000,.000000
7.000000,1.300000,1.250000,0,.000000,.000000
7.100000,1.300000,1.250000,0,.000000,.000000
7.200000,1.300000,1.250000,0,.000000,.000000
7.300000,1.300000,1.250000,0,.000000,.000000
7.400000,1.300000,1.250000,0,.000000,.000000
7.500000,1.300000,1.250000,0,.000000,.000000
7.600000,1.300000,1.250000,0,.000000,.000000
7.700000,1.300000,1.250000,0,.000000,.000000
7.800000,1.300000,1.250000,0,.000000,.000000
7.900000,1.300000,1.250000,0,.000000,.000000
8.000000,1.300000,1.250000,0,.000000,.000000
8.100000,1.300000,1.250000,0,.000000,.000000
8.200000,1.300000,1.250000,0,.000000,.000000
8.300000,1.300000,1.250000,0,.000000,.000000
8.400000,1.300000,1.250000,0,.000000,.000000
.000000,1.400000,1.250000,0,.000000,.000000
.1000000,1.400000,1.250000,0,.000000,.000000
.2000000,1.400000,1.250000,0,.000000,.000000
.3000000,1.400000,1.250000,0,.000000,.000000
.4000000,1.400000,1.250000,0,.000000,.000000
.5000000,1.400000,1.250000,0,.000000,.000000
.6000000,1.400000,1.250000,0,.000000,.000000
.7000000,1.400000,1.250000,0,.000000,.000000
.8000000,1.400000,1.250000,0,.000000,.000000
.9000000,1.400000,1.250000,0,.000000,.000000
1.000000,1.400000,1.250000,0,.000000,.000000
1.100000,1.400000,1.250000,0,.000000,.000000
1.200000,1.400000,1.250000,0,.000000,.000000
1.300000,1.400000,1.250000,0,.000000,.000000
1.400000,1.400000,1.250000,0,.000000,.000000
1.500000,1.400000,1.250000,0,.000000,.000000
1.600000,1.400000,1.250000,0,.000000,.000000
1.700000,1.400000,1.250000,0,.000000,.000000
1.800000,1.400000,1.250000,0,.000000,.000000
1.900000,1.400000,1.250000,0,.000000,.000000
2.000000,1.400000,1.250000,0,.000000,.000000
2.100000,1.400000,1.250000,0,.000000,.000000
2.200000,1.400000,1.250000,0,.000000,.000000
2.300000,1.400000,1.250000,0,.000000,.000000
2.400000,1.400000,1.250000,0,.000000,.000000
2.500000,1.400000,1.250000,0,.000000,.000000
2.600000,1.400000,1.250000,0,.000000,.000000
2.700000,1.400000,1.250000,0,.000000,.000000
2.800000,1.400000,1.250000,0,.000000,.000000
2.900000,1.400000,1.250000,0,.000000,.000000
3.000000,1.400000,1.250000,0,.000000,.000000
3.100000,1.400000,1.250000,0,.000000,.000000
3.200000,1.400000,1.250000,0,.000000,.000000
3.300000,1.400000,1.250000,0,.000000,.000000
3.400000,1.400000,1.250000,0,.000000,.000000
3.500000,1.400000,1.250000,0,.000000,.000000
3.600000,1.400000,1.250000,0,.000000,.000000
3.700000,1.400000,1.250000,0,.000000,.000000
3.800000,1.400000,1.250000,0,.000000,.000000
3.900000,1.400000,1.250000,0,.000000,.000000
4.000000,1.400000,1.250000,0,.000000,.000000
4.100000,1.400000,1.250000,0,.000000,.000000
4.200000,1.400000,1.250000,0,.000000,.000000
4.300000,1.400000,1.250000,0,.000000,.000000
4.400000,1.400000,1.250000,0,.000000,.000000
4.500000,1.400000,1.250000,0,.000000,.000000
4.600000,1.400000,1.250000,0,.000000,.000000
4.700000,1.400000,1.250000,0,.000000,.000000
4.800000,1.400000,1.250000,0,.000000,.000000
4.900000,1.400000,1.250000,0,.000000,.000000
5.000000,1.400000,1.250000,0,.000000,.000000
5.100000,1.400000,1.250000,0,.000000,.000000
5.200000,1.400000,1.250000,0,.000000,.000000
5.300000,1.400000,1.250000,0,.000000,.000000
5.400000,1.400000,1.250000,0,.000000,.000000
5.500000,1.400000,1.250000,0,.000000,.000000
5.600000,1.400000,1.250000,0,.000000,.000000
5.700000,1.400000,1.250000,0,.000000,.000000
5.800000,1.400000,1.250000,0,.000000,.000000
5.900000,1.400000,1.250000,0,.000000,.000000
6.000000,1.400000,1.250000,0,.000000,.000000
6.100000,1.400000,1.250000,0,.000000,.000000
6.200000,1.400000,1.250000,0,.000000,.000000
6.300000,1.400000,1.250000,0,.000000,.000000
6.400000,1.400000,1.250000,0,.000000,.000000
6.500000,1.400000,1.250000,0,.000000,.000000
6.600000,1.400000,1.250000,0,.000000,.000000
6.700000,1.400000,1.250000,0,.000000,.000000
6.800000,1.400000,1.250000,0,.000000,.000000
6.900000,1.400000,1.250000,0,.000000,.000000
7.000000,1.400000,1.250000,0,.000000,.000000
7.100000,1.400000,1.250000,0,.000000,.000000
7.200000,1.400000,1.250000,0,.000000,.000000
7.300000,1.400000,1.250000,0,.000000,.000000
7.400000,1.400000,1.250000,0,.000000,.000000
7.500000,1.400000,1.250000,0,.000000,.000000
7.600000,1.400000,1.250000,0,.000000,.000000
7.700000,1.400000,1.250000,0,.000000,.000000
7.800000,1.400000,1.250000,0,.000000,.000000
7.900000,1.400000,1.250000,0,.000000,.000000
8.000000,1.400000,1.250000,0,.000000,.000000
8.100000,1.400000,1.250000,0,.000000,.000000
8.200000,1.400000,1.250000,0,.000000,.000000
8.300000,1.400000,1.250000,0,.000000,.000000
8.400000,1.400000,1.250000,0,.000000,.000000
.000000,1.500000,1.250000,0,.000000,.000000
.1000000,1.500000,1.250000,0,.000000,.000000
.2000000,1.500000,1.250000,0,.000000,.000000
.3000000,1.500000,1.250000,0,.000000,.000000
.4000000,1.500000,1.250000,0,.000000,.000000
.5000000,1.500000,1.250000,0,.000000,.000000
.6000000,1.500000,1.250000,0,.000000,.000000
.7000000,1.500000,1.250000,0,.000000,.000000
.8000000,1.500000,1.250000,0,.000000,.000000
.9000000,1.500000,1.250000,0,.000000,.000000
1.000000,1.500000,1.250000,0,.000000,.000000
1.100000,1.500000,1.250000,0,.000000,.000000
1.200000,1.500000,1.250000,0,.000000,.000000
1.300000,1.500000,1.250000,0,.000000,.000000
1.400000,1.500000,1.250000,0,.000000,.000000
1.500000,1.500000,1.250000,0,.000000,.000000
1.600000,1.500000,1.250000,0,.000000,.000000
1.700000,1.500000,1.250000,0,.000000,.000000
1.800000,1.500000,1.250000,0,.000000,.000000
1.900000,1.500000,1.250000,0,.000000,.000000
2.000000,1.500000,1.250000,0,.000000,.000000
2.100000,1.500000,1.250000,0,.000000,.000000
2.200000,1.500000,1.250000,0,.000000,.000000
2.300000,1.500000,1.250000,0,.000000,.000000
2.400000,1.500000,1.250000,0,.000000,.000000
2.500000,1.500000,1.250000,0,.000000,.000000
2.600000,1.500000,1.250000,0,.000000,.000000
2.700000,1.500000,1.250000,0,.000000,.000000
2.800000,1.500000,1.250000,0,.000000,.000000
2.900000,1.500000,1.250000,0,.000000,.000000
3.000000,1.500000,1.250000,0,.000000,.000000
3.100000,1.500000,1.250000,0,.000000,.000000
3.200000,1.500000,1.250000,0,.000000,.000000
3.300000,1.500000,1.250000,0,.000000,.000000
3.400000,1.500000,1.250000,0,.000000,.000000
3.500000,1.500000,1.250000,0,.000000,.000000
3.600000,1.500000,1.250000,0,.000000,.000000
3.700000,1.500000,1.250000,0,.000000,.000000
3.800000,1.500000,1.250000,0,.000000,.000000
3.900000,1.500000,1.250000,0,.000000,.000000
4.000000,1.500000,1.250000,0,.000000,.000000
4.100000,1.500000,1.250000,0,.000000,.000000
4.200000,1.500000,1.250000,0,.000000,.000000
4.300000,1.500000,1.250000,0,.000000,.000000
4.400000,1.500000,1.250000,0,.000000,.000000
4.500000,1.500000,1.250000,0,.000000,.000000
4.600000,1.500000,1.250000,0,.000000,.000000
4.700000,1.500000,1.250000,0,.000000,.000000
4.800000,1.500000,1.250000,0,.000000,.000000
4.900000,1.500000,1.250000,0,.000000,.000000
5.000000,1.500000,1.250000,0,.000000,.000000
5.100000,1.500000,1.250000,0,.000000,.000000
5.200000,1.500000,1.250000,0,.000000,.000000
5.300000,1.500000,1.250000,0,.000000,.000000
5.400000,1.500000,1.250000,0,.000000,.000000
5.500000,1.500000,1.250000,0,.000000,.000000
5.600000,1.500000,1.250000,0,.000000,.000000
5.700000,1.500000,1.250000,0,.000000,.000000
5.800000,1.500000,1.250000,0,.000000,.000000
5.900000,1.500000,1.250000,0,.000000,.000000
6.000000,1.500000,1.250000,0,.000000,.000000
6.100000,1.500000,1.250000,0,.000000,.000000
6.200000,1.500000,1.250000,0,.000000,.000000
6.300000,1.500000,1.250000,0,.000000,.000000
6.400000,1.500000,1.250000,0,.000000,.000000
6.500000,1.500000,1.250000,0,.000000,.000000
6.600000,1.500000,1.250000,0,.000000,.000000
6.700000,1.500000,1.250000,0,.000000,.000000
6.800000,1.500000,1.250000,0,.000000,.000000
6.900000,1.500000,1.250000,0,.000000,.000000
7.000000,1.500000,1.250000,0,.000000,.000000
7.100000,1.500000,1.250000,0,.000000,.000000
7.200000,1.500000,1.250000,0,.000000,.000000
7.300000,1.500000,1.250000,0,.000000,.000000
7.400000,1.500000,1.250000,0,.000000,.000000
7.500000,1.500000,1.250000,0,.000000,.000000
7.600000,1.500000,1.250000,0,.000000,.000000
7.700000,1.500000,1.250000,0,.000000,.000000
7.800000,1.500000,1.250000,0,.000000,.000000
7.900000,1.500000,1.250000,0,.000000,.000000
8.000000,1.500000,1.250000,0,.000000,.000000
8.100000,1.500000,1.250000,0,.000000,.000000
8.200000,1.500000,1.250000,0,.000000,.000000
8.300000,1.500000,1.250000,0,.000000,.000000
8.400000,1.500000,1.250000,0,.000000,.000000
.000000,1.600000,1.250000,0,.000000,.000000
.1000000,1.600000,1.250000,0,.000000,.000000
.2000000,1.600000,1.250000,0,.000000,.000000
.3000000,1.600000,1.250000,0,.000000,.000000
.4000000,1.600000,1.250000,0,.000000,.000000
.5000000,1.600000,1.250000,0,.000000,.000000
.6000000,1.600000,1.250000,0,.000000,.000000
.7000000,1.600000,1.250000,0,.000000,.000000
.8000000,1.600000,1.250000,0,.000000,.000000
.9000000,1.600000,1.250000,0,.000000,.000000
1.000000,1.600000,1.250000,0,.000000,.000000
1.100000,1.600000,1.250000,0,.000000,.000000
1.200000,1.600000,1.250000,0,.000000,.000000
1.300000,1.600000,1.250000,0,.000000,.000000
1.400000,1.600000,1.250000,0,.000000,.000000
1.500000,1.600000,1.250000,0,.000000,.000000
1.600000,1.600000,1.250000,0,.000000,.000000
1.700000,1.600000,1.250000,0,.000000,.000000
1.800000,1.600000,1.250000,0,.000000,.000000
1.900000,1.600000,1.250000,0,.000000,.000000
2.000000,1.600000,1.250000,0,.000000,.000000
2.100000,1.600000,1.250000,0,.000000,.000000
2.200000,1.600000,1.250000,0,.000000,.000000
2.300000,1.600000,1.250000,0,.000000,.000000
2.400000,1.600000,1.250000,0,.000000,.000000
2.500000,1.600000,1.250000,0,.000000,.000000
2.600000,1.600000,1.250000,0,.000000,.000000
2.700000,1.600000,1.250000,0,.000000,.000000
2.800000,1.600000,1.250000,0,.000000,.000000
2.900000,1.600000,1.250000,0,.000000,.000000
3.000000,1.600000,1.250000,0,.000000,.000000
3.100000,1.600000,1.250000,0,.000000,.000000
3.200000,1.600000,1.250000,0,.000000,.000000
3.300000,1.600000,1.250000,0,.000000,.000000
3.400000,1.600000,1.250000,0,.000000,.000000
3.500000,1.600000,1.250000,0,.000000,.000000
3.600000,1.600000,1.250000,0,.000000,.000000
3.700000,1.600000,1.250000,0,.000000,.000000
3.800000,1.600000,1.250000,0,.000000,.000000
3.900000,1.600000,1.250000,0,.000000,.000000
4.000000,1.600000,1.250000,0,.000000,.000000
4.100000,1.600000,1.250000,0,.000000,.000000
4.200000,1.600000,1.250000,0,.000000,.000000
4.300000,1.600000,1.250000,0,.000000,.000000
4.400000,1.600000,1.250000,0,.000000,.000000
4.500000,1.600000,1.250000,0,.000000,.000000
4.600000,1.600000,1.250000,0,.000000,.000000
4.700000,1.600000,1.250000,0,.000000,.000000
4.800000,1.600000,1.250000,0,.000000,.000000
4.900000,1.600000,1.250000,0,.000000,.000000
5.000000,1.600000,1.250000,0,.000000,.000000
5.100000,1.600000,1.250000,0,.000000,.000000
5.200000,1.600000,1.250000,0,.000000,.000000
5.300000,1.600000,1.250000,0,.000000,.000000
5.400000,1.600000,1.250000,0,.000000,.000000
5.500000,1.600000,1.250000,0,.000000,.000000
5.600000,1.600000,1.250000,0,.000000,.000000
5.700000,1.600000,1.250000,0,.000000,.000000
5.800000,1.600000,1.250000,0,.000000,.000000
5.900000,1.600000,1.250000,0,.000000,.000000
6.000000,1.600000,1.250000,0,.000000,.000000
6.100000,1.600000,1.250000,0,.000000,.000000
6.200000,1.600000,1.250000,0,.000000,.000000
6.300000,1.600000,1.250000,0,.000000,.000000
6.400000,1.600000,1.250000,0,.000000,.000000
6.500000,1.600000,1.250000,0,.000000,.000000
6.600000,1.600000,1.250000,0,.000000,.000000
6.700000,1.600000,1.250000,0,.000000,.000000
6.800000,1.600000,1.250000,0,.000000,.000000
6.900000,1.600000,1.250000,0,.000000,.000000
7.000000,1.600000,1.250000,0,.000000,.000000
7.100000,1.600000,1.250000,0,.000000,.000000
7.200000,1.600000,1.250000,0,.000000,.000000
7.300000,1.600000,1.250000,0,.000000,.000000
7.400000,1.600000,1.250000,0,.000000,.000000
7.500000,1.600000,1.250000,0,.000000,.000000
7.600000,1.600000,1.250000,0,.000000,.000000
7.700000,1.600000,1.250000,0,.000000,.000000
7.800000,1.600000,1.250000,0,.000000,.000000
7.900000,1.600000,1.250000,0,.000000,.000000
8.000000,1.600000,1.250000,0,.000000,.000000
8.100000,1.600000,1.250000,0,.000000,.000000
8.200000,1.600000,1.250000,0,.000000,.000000
8.300000,1.600000,1.250000,0,.000000,.000000
8.400000,1.600000,1.250000,0,.000000,.000000
.000000,1.700000,1.250000,0,.000000,.000000
.1000000,1.700000,1.250000,0,.000000,.000000
.2000000,1.700000,1.250000,0,.000000,.000000
.3000000,1.700000,1.250000,0,.000000,.000000
.4000000,1.700000,1.250000,0,.000000,.000000
.5000000,1.700000,1.250000,0,.000000,.000000
.6000000,1.700000,1.250000,0,.000000,.000000
.7000000,1.700000,1.250000,0,.000000,.000000
.8000000,1.700000,1.250000,0,.000000,.000000
.9000000,1.700000,1.250000,0,.000000,.000000
1.000000,1.700000,1.250000,0,.000000,.000000
1.100000,1.700000,1.250000,0,.000000,.000000
1.200000,1.700000,1.250000,0,.000000,.000000
1.300000,1.700000,1.250000,0,.000000,.000000
1.400000,1.700000,1.250000,0,.000000,.000000
1.500000,1.700000,1.250000,0,.000000,.000000
1.600000,1.700000,1.250000,0,.000000,.000000
1.700000,1.700000,1.250000,0,.000000,.000000
1.800000,1.700000,1.250000,0,.000000,.000000
1.900000,1.700000,1.250000,0,.000000,.000000
2.000000,1.700000,1.250000,0,.000000,.000000
2.100000,1.700000,1.250000,0,.000000,.000000
2.200000,1.700000,1.250000,0,.000000,.000000
2.300000,1.700000,1.250000,0,.000000,.000000
2.400000,1.700000,1.250000,0,.000000,.000000
2.500000,1.700000,1.250000,0,.000000,.000000
2.600000,1.700000,1.250000,0,.000000,.000000
2.700000,1.700000,1.250000,0,.000000,.000000
2.800000,1.700000,1.250000,0,.000000,.000000
2.900000,1.700000,1.250000,0,.000000,.000000
3.000000,1.700000,1.250000,0,.000000,.000000
3.100000,1.700000,1.250000,0,.000000,.000000
3.200000,1.700000,1.250000,0,.000000,.000000
3.300000,1.700000,1.250000,0,.000000,.000000
3.400000,1.700000,1.250000,0,.000000,.000000
3.500000,1.700000,1.250000,0,.000000,.000000
3.600000,1.700000,1.250000,0,.000000,.000000
3.700000,1.700000,1.250000,0,.000000,.000000
3.800000,1.700000,1.250000,0,.000000,.000000
3.900000,1.700000,1.250000,0,.000000,.000000
4.000000,1.700000,1.250000,0,.000000,.000000
4.100000,1.700000,1.250000,0,.000000,.000000
4.200000,1.700000,1.250000,0,.000000,.000000
4.300000,1.700000,1.250000,0,.000000,.000000
4.400000,1.700000,1.250000,0,.000000,.000000
4.500000,1.700000,1.250000,0,.000000,.000000
4.600000,1.700000,1.250000,0,.000000,.000000
4.700000,1.700000,1.250000,0,.000000,.000000
4.800000,1.700000,1.250000,0,.000000,.000000
4.900000,1.700000,1.250000,0,.000000,.000000
5.000000,1.700000,1.250000,0,.000000,.000000
5.100000,1.700000,1.250000,0,.000000,.000000
5.200000,1.700000,1.250000,0,.000000,.000000
5.300000,1.700000,1.250000,0,.000000,.000000
5.400000,1.700000,1.250000,0,.000000,.000000
5.500000,1.700000,1.250000,0,.000000,.000000
5.600000,1.700000,1.250000,0,.000000,.000000
5.700000,1.700000,1.250000,0,.000000,.000000
5.800000,1.700000,1.250000,0,.000000,.000000
5.900000,1.700000,1.250000,0,.000000,.000000
6.000000,1.700000,1.250000,0,.000000,.000000
6.100000,1.700000,1.250000,0,.000000,.000000
6.200000,1.700000,1.250000,0,.000000,.000000
6.300000,1.700000,1.250000,0,.000000,.000000
6.400000,1.700000,1.250000,0,.000000,.000000
6.500000,1.700000,1.250000,0,.000000,.000000
6.600000,1.700000,1.250000,0,.000000,.000000
6.700000,1.700000,1.250000,0,.000000,.000000
6.800000,1.700000,1.250000,0,.000000,.000000
6.900000,1.700000,1.250000,0,.000000,.000000
7.000000,1.700000,1.250000,0,.000000,.000000
7.100000,1.700000,1.250000,0,.000000,.000000
7.200000,1.700000,1.250000,0,.000000,.000000
7.300000,1.700000,1.250000,0,.000000,.000000
7.400000,1.700000,1.250000,0,.000000,.000000
7.500000,1.700000,1.250000,0,.000000,.000000
7.600000,1.700000,1.250000,0,.000000,.000000
7.700000,1.700000,1.250000,0,.000000,.000000
7.800000,1.700000,1.250000,0,.000000,.000000
7.900000,1.700000,1.250000,0,.000000,.000000
8.000000,1.700000,1.250000,0,.000000,.000000
8.100000,1.700000,1.250000,0,.000000,.000000
8.200000,1.700000,1.250000,0,.000000,.000000
8.300000,1.700000,1.250000,0,.000000,.000000
8.400000,1.700000,1.250000,0,.000000,.000000
.000000,1.800000,1.250000,0,.000000,.000000
.1000000,1.800000,1.250000,0,.000000,.000000
.2000000,1.800000,1.250000,0,.000000,.000000
.3000000,1.800000,1.250000,0,.000000,.000000
.4000000,1.800000,1.250000,0,.000000,.000000
.5000000,1.800000,1.250000,0,.000000,.000000
.6000000,1.800000,1.250000,0,.000000,.000000
.7000000,1.800000,1.250000,0,.000000,.000000
.8000000,1.800000,1.250000,0,.000000,.000000
.9000000,1.800000,1.250000,0,.000000,.000000
1.000000,1.800000,1.250000,0,.000000,.000000
1.100000,1.800000,1.250000,0,.000000,.000000
1.200000,1.800000,1.250000,0,.000000,.000000
1.300000,1.800000,1.250000,0,.000000,.000000
1.400000,1.800000,1.250000,0,.000000,.000000
1.500000,1.800000,1.250000,0,.000000,.000000
1.600000,1.800000,1.250000,0,.000000,.000000
1.700000,1.800000,1.250000,0,.000000,.000000
1.800000,1.800000,1.250000,0,.000000,.000000
1.900000,1.800000,1.250000,0,.000000,.000000
2.000000,1.800000,1.250000,0,.000000,.000000
2.100000,1.800000,1.250000,0,.000000,.000000
2.200000,1.800000,1.250000,0,.000000,.000000
2.300000,1.800000,1.250000,0,.000000,.000000
2.400000,1.800000,1.250000,0,.000000,.000000
2.500000,1.800000,1.250000,0,.000000,.000000
2.600000,1.800000,1.250000,0,.000000,.000000
2.700000,1.800000,1.250000,0,.000000,.000000
2.800000,1.800000,1.250000,0,.000000,.000000
2.900000,1.800000,1.250000,0,.000000,.000000
3.000000,1.800000,1.250000,0,.000000,.000000
3.100000,1.800000,1.250000,0,.000000,.000000
3.200000,1.800000,1.250000,0,.000000,.000000
3.300000,1.800000,1.250000,0,.000000,.000000
3.400000,1.800000,1.250000,0,.000000,.000000
3.500000,1.800000,1.250000,0,.000000,.000000
3.600000,1.800000,1.250000,0,.000000,.000000
3.700000,1.800000,1.250000,0,.000000,.000000
3.800000,1.800000,1.250000,0,.000000,.000000
3.900000,1.800000,1.250000,0,.000000,.000000
4.000000,1.800000,1.250000,0,.000000,.000000
4.100000,1.800000,1.250000,0,.000000,.000000
4.200000,1.800000,1.250000,0,.000000,.000000
4.300000,1.800000,1.250000,0,.000000,.000000
4.400000,1.800000,1.250000,0,.000000,.000000
4.500000,1.800000,1.250000,0,.000000,.000000
4.600000,1.800000,1.250000,0,.000000,.000000
4.700000,1.800000,1.250000,0,.000000,.000000
4.800000,1.800000,1.250000,0,.000000,.000000
4.900000,1.800000,1.250000,0,.000000,.000000
5.000000,1.800000,1.250000,0,.000000,.000000
5.100000,1.800000,1.250000,0,.000000,.000000
5.200000,1.800000,1.250000,0,.000000,.000000
5.300000,1.800000,1.250000,0,.000000,.000000
5.400000,1.800000,1.250000,0,.000000,.000000
5.500000,1.800000,1.250000,0,.000000,.000000
5.600000,1.800000,1.250000,0,.000000,.000000
5.700000,1.800000,1.250000,0,.000000,.000000
5.800000,1.800000,1.250000,0,.000000,.000000
5.900000,1.800000,1.250000,0,.000000,.000000
6.000000,1.800000,1.250000,0,.000000,.000000
6.100000,1.800000,1.250000,0,.000000,.000000
6.200000,1.800000,1.250000,0,.000000,.000000
6.300000,1.800000,1.250000,0,.000000,.000000
6.400000,1.800000,1.250000,0,.000000,.000000
6.500000,1.800000,1.250000,0,.000000,.000000
6.600000,1.800000,1.250000,0,.000000,.000000
6.700000,1.800000,1.250000,0,.000000,.000000
6.800000,1.800000,1.250000,0,.000000,.000000
6.900000,1.800000,1.250000,0,.000000,.000000
7.000000,1.800000,1.250000,0,.000000,.000000
7.100000,1.800000,1.250000,0,.000000,.000000
7.200000,1.800000,1.250000,0,.000000,.000000
7.300000,1.800000,1.250000,0,.000000,.000000
7.400000,1.800000,1.250000,0,.000000,.000000
7.500000,1.800000,1.250000,0,.000000,.000000
7.600000,1.800000,1.250000,0,.000000,.000000
7.700000,1.800000,1.250000,0,.000000,.000000
7.800000,1.800000,1.250000,0,.000000,.000000
7.900000,1.800000,1.250000,0,.000000,.000000
8.000000,1.800000,1.250000,0,.000000,.000000
8.100000,1.800000,1.250000,0,.000000,.000000
8.200000,1.800000,1.250000,0,.000000,.000000
8.300000,1.800000,1.250000,0,.000000,.000000
8.400000,1.800000,1.250000,0,.000000,.000000
.000000,1.900000,1.250000,0,.000000,.000000
.1000000,1.900000,1.250000,0,.000000,.000000
.2000000,1.900000,1.250000,0,.000000,.000000
.3000000,1.900000,1.250000,0,.000000,.000000
.4000000,1.900000,1.250000,0,.000000,.000000
.5000000,1.900000,1.250000,0,.000000,.000000
.6000000,1.900000,1.250000,0,.000000,.000000
.7000000,1.900000,1.250000,0,.000000,.000000
.8000000,1.900000,1.250000,0,.000000,.000000
.9000000,1.900000,1.250000,0,.000000,.000000
1.000000,1.900000,1.250000,0,.000000,.000000
1.100000,1.900000,1.250000,0,.000000,.000000
1.200000,1.900000,1.250000,0,.000000,.000000
1.300000,1.900000,1.250000,0,.000000,.000000
1.400000,1.900000,1.250000,0,.000000,.000000
1.500000,1.900000,1.250000,0,.000000,.000000
1.600000,1.900000,1.250000,0,.000000,.000000
1.700000,1.900000,1.250000,0,.000000,.000000
1.800000,1.900000,1.250000,0,.000000,.000000
1.900000,1.900000,1.250000,0,.000000,.000000
2.000000,1.900000,1.250000,0,.000000,.000000
2.100000,1.900000,1.250000,0,.000000,.000000
2.200000,1.900000,1.250000,0,.000000,.000000
2.300000,1.900000,1.250000,0,.000000,.000000
2.400000,1.900000,1.250000,0,.000000,.000000
2.500000,1.900000,1.250000,0,.000000,.000000
2.600000,1.900000,1.250000,0,.000000,.000000
2.700000,1.900000,1.250000,0,.000000,.000000
2.800000,1.900000,1.250000,0,.000000,.000000
2.900000,1.900000,1.250000,0,.000000,.000000
3.000000,1.900000,1.250000,0,.000000,.000000
3.100000,1.900000,1.250000,0,.000000,.000000
3.200000,1.900000,1.250000,0,.000000,.000000
3.300000,1.900000,1.250000,0,.000000,.000000
3.400000,1.900000,1.250000,0,.000000,.000000
3.500000,1.900000,1.250000,0,.000000,.000000
3.600000,1.900000,1.250000,0,.000000,.000000
3.700000,1.900000,1.250000,0,.000000,.000000
3.800000,1.900000,1.250000,0,.000000,.000000
3.900000,1.900000,1.250000,0,.000000,.000000
4.000000,1.900000,1.250000,0,.000000,.000000
4.100000,1.900000,1.250000,0,.000000,.000000
4.200000,1.900000,1.250000,0,.000000,.000000
4.300000,1.900000,1.250000,0,.000000,.000000
4.400000,1.900000,1.250000,0,.000000,.000000
4.500000,1.900000,1.250000,0,.000000,.000000
4.600000,1.900000,1.250000,0,.000000,.000000
4.700000,1.900000,1.250000,0,.000000,.000000
4.800000,1.900000,1.250000,0,.000000,.000000
4.900000,1.900000,1.250000,0,.000000,.000000
5.000000,1.900000,1.250000,0,.000000,.000000
5.100000,1.900000,1.250000,0,.000000,.000000
5.200000,1.900000,1.250000,0,.000000,.000000
5.300000,1.900000,1.250000,0,.000000,.000000
5.400000,1.900000,1.250000,0,.000000,.000000
5.500000,1.900000,1.250000,0,.000000,.000000
5.600000,1.900000,1.250000,0,.000000,.000000
5.700000,1.900000,1.250000,0,.000000,.000000
5.800000,1.900000,1.250000,0,.000000,.000000
5.900000,1.900000,1.250000,0,.000000,.000000
6.000000,1.900000,1.250000,0,.000000,.000000
6.100000,1.900000,1.250000,0,.000000,.000000
6.200000,1.900000,1.250000,0,.000000,.000000
6.300000,1.900000,1.250000,0,.000000,.000000
6.400000,1.900000,1.250000,0,.000000,.000000
6.500000,1.900000,1.250000,0,.000000,.000000
6.600000,1.900000,1.250000,0,.000000,.000000
6.700000,1.900000,1.250000,0,.000000,.000000
6.800000,1.900000,1.250000,0,.000000,.000000
6.900000,1.900000,1.250000,0,.000000,.000000
7.000000,1.900000,1.250000,0,.000000,.000000
7.100000,1.900000,1.250000,0,.000000,.000000
7.200000,1.900000,1.250000,0,.000000,.000000
7.300000,1.900000,1.250000,0,.000000,.000000
7.400000,1.900000,1.250000,0,.000000,.000000
7.500000,1.900000,1.250000,0,.000000,.000000
7.600000,1.900000,1.250000,0,.000000,.000000
7.700000,1.900000,1.250000,0,.000000,.000000
7.800000,1.900000,1.250000,0,.000000,.000000
7.900000,1.900000,1.250000,0,.000000,.000000
8.000000,1.900000,1.250000,0,.000000,.000000
8.100000,1.900000,1.250000,0,.000000,.000000
8.200000,1.900000,1.250000,0,.000000,.000000
8.300000,1.900000,1.250000,0,.000000,.000000
8.400000,1.900000,1.250000,0,.000000,.000000
.000000,2.000000,1.250000,0,.000000,.000000
.1000000,2.000000,1.250000,0,.000000,.000000
.2000000,2.000000,1.250000,0,.000000,.000000
.3000000,2.000000,1.250000,0,.000000,.000000
.4000000,2.000000,1.250000,0,.000000,.000000
.5000000,2.000000,1.250000,0,.000000,.000000
.6000000,2.000000,1.250000,0,.000000,.000000
.7000000,2.000000,1.250000,0,.000000,.000000
.8000000,2.000000,1.250000,0,.000000,.000000
.9000000,2.000000,1.250000,0,.000000,.000000
1.000000,2.000000,1.250000,0,.000000,.000000
1.100000,2.000000,1.250000,0,.000000,.000000
1.200000,2.000000,1.250000,0,.000000,.000000
1.300000,2.000000,1.250000,0,.000000,.000000
1.400000,2.000000,1.250000,0,.000000,.000000
1.500000,2.000000,1.250000,0,.000000,.000000
1.600000,2.000000,1.250000,0,.000000,.000000
1.700000,2.000000,1.250000,0,.000000,.000000
1.800000,2.000000,1.250000,0,.000000,.000000
1.900000,2.000000,1.250000,0,.000000,.000000
2.000000,2.000000,1.250000,0,.000000,.000000
2.100000,2.000000,1.250000,0,.000000,.000000
2.200000,2.000000,1.250000,0,.000000,.000000
2.300000,2.000000,1.250000,0,.000000,.000000
2.400000,2.000000,1.250000,0,.000000,.000000
2.500000,2.000000,1.250000,0,.000000,.000000
2.600000,2.000000,1.250000,0,.000000,.000000
2.700000,2.000000,1.250000,0,.000000,.000000
2.800000,2.000000,1.250000,0,.000000,.000000
2.900000,2.000000,1.250000,0,.000000,.000000
3.000000,2.000000,1.250000,0,.000000,.000000
3.100000,2.000000,1.250000,0,.000000,.000000
3.200000,2.000000,1.250000,0,.000000,.000000
3.300000,2.000000,1.250000,0,.000000,.000000
3.400000,2.000000,1.250000,0,.000000,.000000
3.500000,2.000000,1.250000,0,.000000,.000000
3.600000,2.000000,1.250000,0,.000000,.000000
3.700000,2.000000,1.250000,0,.000000,.000000
3.800000,2.000000,1.250000,0,.000000,.000000
3.900000,2.000000,1.250000,0,.000000,.000000
4.000000,2.000000,1.250000,0,.000000,.000000
4.100000,2.000000,1.250000,0,.000000,.000000
4.200000,2.000000,1.250000,0,.000000,.000000
4.300000,2.000000,1.250000,0,.000000,.000000
4.400000,2.000000,1.250000,0,.000000,.000000
4.500000,2.000000,1.250000,0,.000000,.000000
4.600000,2.000000,1.250000,0,.000000,.000000
4.700000,2.000000,1.250000,0,.000000,.000000
4.800000,2.000000,1.250000,0,.000000,.000000
4.900000,2.000000,1.250000,0,.000000,.000000
5.000000,2.000000,1.250000,0,.000000,.000000
5.100000,2.000000,1.250000,0,.000000,.000000
5.200000,2.000000,1.250000,0,.000000,.000000
5.300000,2.000000,1.250000,0,.000000,.000000
5.400000,2.000000,1.250000,0,.000000,.000000
5.500000,2.000000,1.250000,0,.000000,.000000
5.600000,2.000000,1.250000,0,.000000,.000000
5.700000,2.000000,1.250000,0,.000000,.000000
5.800000,2.000000,1.250000,0,.000000,.000000
5.900000,2.000000,1.250000,0,.000000,.000000
6.000000,2.000000,1.250000,0,.000000,.000000
6.100000,2.000000,1.250000,0,.000000,.000000
6.200000,2.000000,1.250000,0,.000000,.000000
6.300000,2.000000,1.250000,0,.000000,.000000
6.400000,2.000000,1.250000,0,.000000,.000000
6.500000,2.000000,1.250000,0,.000000,.000000
6.600000,2.000000,1.250000,0,.000000,.000000
6.700000,2.000000,1.250000,0,.000000,.000000
6.800000,2.000000,1.250000,0,.000000,.000000
6.900000,2.000000,1.250000,0,.000000,.000000
7.000000,2.000000,1.250000,0,.000000,.000000
7.100000,2.000000,1.250000,0,.000000,.000000
7.200000,2.000000,1.250000,0,.000000,.000000
7.300000,2.000000,1.250000,0,.000000,.000000
7.400000,2.000000,1.250000,0,.000000,.000000
7.500000,2.000000,1.250000,0,.000000,.000000
7.600000,2.000000,1.250000,0,.000000,.000000
7.700000,2.000000,1.250000,0,.000000,.000000
7.800000,2.000000,1.250000,0,.000000,.000000
7.900000,2.000000,1.250000,0,.000000,.000000
8.000000,2.000000,1.250000,0,.000000,.000000
8.100000,2.000000,1.250000,0,.000000,.000000
8.200000,2.000000,1.250000,0,.000000,.000000
8.300000,2.000000,1.250000,0,.000000,.000000
8.400000,2.000000,1.250000,0,.000000,.000000
.000000,2.100000,1.250000,0,.000000,.000000
.1000000,2.100000,1.250000,0,.000000,.000000
.2000000,2.100000,1.250000,0,.000000,.000000
.3000000,2.100000,1.250000,0,.000000,.000000
.4000000,2.100000,1.250000,0,.000000,.000000
.5000000,2.100000,1.250000,0,.000000,.000000
.6000000,2.100000,1.250000,0,.000000,.000000
.7000000,2.100000,1.250000,0,.000000,.000000
.8000000,2.100000,1.250000,0,.000000,.000000
.9000000,2.100000,1.250000,0,.000000,.000000
1.000000,2.100000,1.250000,0,.000000,.000000
1.100000,2.100000,1.250000,0,.000000,.000000
1.200000,2.100000,1.250000,0,.000000,.000000
1.300000,2.100000,1.250000,0,.000000,.000000
1.400000,2.100000,1.250000,0,.000000,.000000
1.500000,2.100000,1.250000,0,.000000,.000000
1.600000,2.100000,1.250000,0,.000000,.000000
1.700000,2.100000,1.250000,0,.000000,.000000
1.800000,2.100000,1.250000,0,.000000,.000000
1.900000,2.100000,1.250000,0,.000000,.000000
2.000000,2.100000,1.250000,0,.000000,.000000
2.100000,2.100000,1.250000,0,.000000,.000000
2.200000,2.100000,1.250000,0,.000000,.000000
2.300000,2.100000,1.250000,0,.000000,.000000
2.400000,2.100000,1.250000,0,.000000,.000000
2.500000,2.100000,1.250000,0,.000000,.000000
2.600000,2.100000,1.250000,0,.000000,.000000
2.700000,2.100000,1.250000,0,.000000,.000000
2.800000,2.100000,1.250000,0,.000000,.000000
2.900000,2.100000,1.250000,0,.000000,.000000
3.000000,2.100000,1.250000,0,.000000,.000000
3.100000,2.100000,1.250000,0,.000000,.000000
3.200000,2.100000,1.250000,0,.000000,.000000
3.300000,2.100000,1.250000,0,.000000,.000000
3.400000,2.100000,1.250000,0,.000000,.000000
3.500000,2.100000,1.250000,0,.000000,.000000
3.600000,2.100000,1.250000,0,.000000,.000000
3.700000,2.100000,1.250000,0,.000000,.000000
3.800000,2.100000,1.250000,0,.000000,.000000
3.900000,2.100000,1.250000,0,.000000,.000000
4.000000,2.100000,1.250000,0,.000000,.000000
4.100000,2.100000,1.250000,0,.000000,.000000
4.200000,2.100000,1.250000,0,.000000,.000000
4.300000,2.100000,1.250000,0,.000000,.000000
4.400000,2.100000,1.250000,0,.000000,.000000
4.500000,2.100000,1.250000,0,.000000,.000000
4.600000,2.100000,1.250000,0,.000000,.000000
4.700000,2.100000,1.250000,0,.000000,.000000
4.800000,2.100000,1.250000,0,.000000,.000000
4.900000,2.100000,1.250000,0,.000000,.000000
5.000000,2.100000,1.250000,0,.000000,.000000
5.100000,2.100000,1.250000,0,.000000,.000000
5.200000,2.100000,1.250000,0,.000000,.000000
5.300000,2.100000,1.250000,0,.000000,.000000
5.400000,2.100000,1.250000,0,.000000,.000000
5.500000,2.100000,1.250000,0,.000000,.000000
5.600000,2.100000,1.250000,0,.000000,.000000
5.700000,2.100000,1.250000,0,.000000,.000000
5.800000,2.100000,1.250000,0,.000000,.000000
5.900000,2.100000,1.250000,0,.000000,.000000
6.000000,2.100000,1.250000,0,.000000,.000000
6.100000,2.100000,1.250000,0,.000000,.000000
6.200000,2.100000,1.250000,0,.000000,.000000
6.300000,2.100000,1.250000,0,.000000,.000000
6.400000,2.100000,1.250000,0,.000000,.000000
6.500000,2.100000,1.250000,0,.000000,.000000
6.600000,2.100000,1.250000,0,.000000,.000000
6.700000,2.100000,1.250000,0,.000000,.000000
6.800000,2.100000,1.250000,0,.000000,.000000
6.900000,2.100000,1.250000,0,.000000,.000000
7.000000,2.100000,1.250000,0,.000000,.000000
7.100000,2.100000,1.250000,0,.000000,.000000
7.200000,2.100000,1.250000,0,.000000,.000000
7.300000,2.100000,1.250000,0,.000000,.000000
7.400000,2.100000,1.250000,0,.000000,.000000
7.500000,2.100000,1.250000,0,.000000,.000000
7.600000,2.100000,1.250000,0,.000000,.000000
7.700000,2.100000,1.250000,0,.000000,.000000
7.800000,2.100000,1.250000,0,.000000,.000000
7.900000,2.100000,1.250000,0,.000000,.000000
8.000000,2.100000,1.250000,0,.000000,.000000
8.100000,2.100000,1.250000,0,.000000,.000000
8.200000,2.100000,1.250000,0,.000000,.000000
8.300000,2.100000,1.250000,0,.000000,.000000
8.400000,2.100000,1.250000,0,.000000,.000000
.000000,2.200000,1.250000,0,.000000,.000000
.1000000,2.200000,1.250000,0,.000000,.000000
.2000000,2.200000,1.250000,0,.000000,.000000
.3000000,2.200000,1.250000,0,.000000,.000000
.4000000,2.200000,1.250000,0,.000000,.000000
.5000000,2.200000,1.250000,0,.000000,.000000
.6000000,2.200000,1.250000,0,.000000,.000000
.7000000,2.200000,1.250000,0,.000000,.000000
.8000000,2.200000,1.250000,0,.000000,.000000
.9000000,2.200000,1.250000,0,.000000,.000000
1.000000,2.200000,1.250000,0,.000000,.000000
1.100000,2.200000,1.250000,0,.000000,.000000
1.200000,2.200000,1.250000,0,.000000,.000000
1.300000,2.200000,1.250000,0,.000000,.000000
1.400000,2.200000,1.250000,0,.000000,.000000
1.500000,2.200000,1.250000,0,.000000,.000000
1.600000,2.200000,1.250000,0,.000000,.000000
1.700000,2.200000,1.250000,0,.000000,.000000
1.800000,2.200000,1.250000,0,.000000,.000000
1.900000,2.200000,1.250000,0,.000000,.000000
2.000000,2.200000,1.250000,0,.000000,.000000
2.100000,2.200000,1.250000,0,.000000,.000000
2.200000,2.200000,1.250000,0,.000000,.000000
2.300000,2.200000,1.250000,0,.000000,.000000
2.400000,2.200000,1.250000,0,.000000,.000000
2.500000,2.200000,1.250000,0,.000000,.000000
2.600000,2.200000,1.250000,0,.000000,.000000
2.700000,2.200000,1.250000,0,.000000,.000000
2.800000,2.200000,1.250000,0,.000000,.000000
2.900000,2.200000,1.250000,0,.000000,.000000
3.000000,2.200000,1.250000,0,.000000,.000000
3.100000,2.200000,1.250000,0,.000000,.000000
3.200000,2.200000,1.250000,0,.000000,.000000
3.300000,2.200000,1.250000,0,.000000,.000000
3.400000,2.200000,1.250000,0,.000000,.000000
3.500000,2.200000,1.250000,0,.000000,.000000
3.600000,2.200000,1.250000,0,.000000,.000000
3.700000,2.200000,1.250000,0,.000000,.000000
3.800000,2.200000,1.250000,0,.000000,.000000
3.900000,2.200000,1.250000,2,.6345821E-08,.4221618E-02
4.000000,2.200000,1.250000,79,.1457243E-06,.9257972E-01
4.100000,2.200000,1.250000,51,.7609385E-07,.4946399E-01
4.200000,2.200000,1.250000,15,.2461358E-07,.1627517E-01
4.300000,2.200000,1.250000,9,.1222006E-07,.8113623E-02
4.400000,2.200000,1.250000,0,.000000,.000000
4.500000,2.200000,1.250000,0,.000000,.000000
4.600000,2.200000,1.250000,0,.000000,.000000
4.700000,2.200000,1.250000,0,.000000,.000000
4.800000,2.200000,1.250000,0,.000000,.000000
4.900000,2.200000,1.250000,0,.000000,.000000
5.000000,2.200000,1.250000,0,.000000,.000000
5.100000,2.200000,1.250000,0,.000000,.000000
5.200000,2.200000,1.250000,0,.000000,.000000
5.300000,2.200000,1.250000,0,.000000,.000000
5.400000,2.200000,1.250000,0,.000000,.000000
5.500000,2.200000,1.250000,0,.000000,.000000
5.600000,2.200000,1.250000,0,.000000,.000000
5.700000,2.200000,1.250000,0,.000000,.000000
5.800000,2.200000,1.250000,0,.000000,.000000
5.900000,2.200000,1.250000,0,.000000,.000000
6.000000,2.200000,1.250000,0,.000000,.000000
6.100000,2.200000,1.250000,0,.000000,.000000
6.200000,2.200000,1.250000,0,.000000,.000000
6.300000,2.200000,1.250000,0,.000000,.000000
6.400000,2.200000,1.250000,0,.000000,.000000
6.500000,2.200000,1.250000,0,.000000,.000000
6.600000,2.200000,1.250000,0,.000000,.000000
6.700000,2.200000,1.250000,0,.000000,.000000
6.800000,2.200000,1.250000,0,.000000,.000000
6.900000,2.200000,1.250000,0,.000000,.000000
7.000000,2.200000,1.250000,0,.000000,.000000
7.100000,2.200000,1.250000,0,.000000,.000000
7.200000,2.200000,1.250000,0,.000000,.000000
7.300000,2.200000,1.250000,0,.000000,.000000
7.400000,2.200000,1.250000,0,.000000,.000000
7.500000,2.200000,1.250000,0,.000000,.000000
7.600000,2.200000,1.250000,0,.000000,.000000
7.700000,2.200000,1.250000,0,.000000,.000000
7.800000,2.200000,1.250000,0,.000000,.000000
7.900000,2.200000,1.250000,0,.000000,.000000
8.000000,2.200000,1.250000,0,.000000,.000000
8.100000,2.200000,1.250000,0,.000000,.000000
8.200000,2.200000,1.250000,0,.000000,.000000
8.300000,2.200000,1.250000,0,.000000,.000000
8.400000,2.200000,1.250000,0,.000000,.000000
.000000,2.300000,1.250000,0,.000000,.000000
.1000000,2.300000,1.250000,0,.000000,.000000
.2000000,2.300000,1.250000,0,.000000,.000000
.3000000,2.300000,1.250000,0,.000000,.000000
.4000000,2.300000,1.250000,0,.000000,.000000
.5000000,2.300000,1.250000,0,.000000,.000000
.6000000,2.300000,1.250000,0,.000000,.000000
.7000000,2.300000,1.250000,0,.000000,.000000
.8000000,2.300000,1.250000,0,.000000,.000000
.9000000,2.300000,1.250000,0,.000000,.000000
1.000000,2.300000,1.250000,0,.000000,.000000
1.100000,2.300000,1.250000,0,.000000,.000000
1.200000,2.300000,1.250000,0,.000000,.000000
1.300000,2.300000,1.250000,0,.000000,.000000
1.400000,2.300000,1.250000,0,.000000,.000000
1.500000,2.300000,1.250000,0,.000000,.000000
1.600000,2.300000,1.250000,0,.000000,.000000
1.700000,2.300000,1.250000,0,.000000,.000000
1.800000,2.300000,1.250000,0,.000000,.000000
1.900000,2.300000,1.250000,0,.000000,.000000
2.000000,2.300000,1.250000,0,.000000,.000000
2.100000,2.300000,1.250000,0,.000000,.000000
2.200000,2.300000,1.250000,0,.000000,.000000
2.300000,2.300000,1.250000,0,.000000,.000000
2.400000,2.300000,1.250000,0,.000000,.000000
2.500000,2.300000,1.250000,0,.000000,.000000
2.600000,2.300000,1.250000,0,.000000,.000000
2.700000,2.300000,1.250000,0,.000000,.000000
2.800000,2.300000,1.250000,0,.000000,.000000
2.900000,2.300000,1.250000,0,.000000,.000000
3.000000,2.300000,1.250000,0,.000000,.000000
3.100000,2.300000,1.250000,0,.000000,.000000
3.200000,2.300000,1.250000,0,.000000,.000000
3.300000,2.300000,1.250000,0,.000000,.000000
3.400000,2.300000,1.250000,0,.000000,.000000
3.500000,2.300000,1.250000,0,.000000,.000000
3.600000,2.300000,1.250000,0,.000000,.000000
3.700000,2.300000,1.250000,0,.000000,.000000
3.800000,2.300000,1.250000,0,.000000,.000000
3.900000,2.300000,1.250000,1,.3817035E-09,.2544522E-03
4.000000,2.300000,1.250000,22,.2249347E-06,.1392546
4.100000,2.300000,1.250000,138,.2060937E-06,.1283748
4.200000,2.300000,1.250000,35,.3440157E-07,.2267337E-01
4.300000,2.300000,1.250000,2,.1191187E-07,.7909775E-02
4.400000,2.300000,1.250000,0,.000000,.000000
4.500000,2.300000,1.250000,0,.000000,.000000
4.600000,2.300000,1.250000,0,.000000,.000000
4.700000,2.300000,1.250000,0,.000000,.000000
4.800000,2.300000,1.250000,10,.2692345E-08,.1793265E-02
4.900000,2.300000,1.250000,15,.2524833E-07,.1669133E-01
5.000000,2.300000,1.250000,11,.1460159E-06,.9275609E-01
5.100000,2.300000,1.250000,19,.2746340E-07,.1814234E-01
5.200000,2.300000,1.250000,8,.1243645E-07,.8256674E-02
5.300000,2.300000,1.250000,31,.2704047E-07,.1786548E-01
5.400000,2.300000,1.250000,19,.3085037E-07,.2035683E-01
5.500000,2.300000,1.250000,2,.2820299E-08,.1878440E-02
5.600000,2.300000,1.250000,0,.000000,.000000
5.700000,2.300000,1.250000,0,.000000,.000000
5.800000,2.300000,1.250000,0,.000000,.000000
5.900000,2.300000,1.250000,0,.000000,.000000
6.000000,2.300000,1.250000,0,.000000,.000000
6.100000,2.300000,1.250000,0,.000000,.000000
6.200000,2.300000,1.250000,0,.000000,.000000
6.300000,2.300000,1.250000,0,.000000,.000000
6.400000,2.300000,1.250000,0,.000000,.000000
6.500000,2.300000,1.250000,0,.000000,.000000
6.600000,2.300000,1.250000,0,.000000,.000000
6.700000,2.300000,1.250000,0,.000000,.000000
6.800000,2.300000,1.250000,0,.000000,.000000
6.900000,2.300000,1.250000,0,.000000,.000000
7.000000,2.300000,1.250000,0,.000000,.000000
7.100000,2.300000,1.250000,0,.000000,.000000
7.200000,2.300000,1.250000,0,.000000,.000000
7.300000,2.300000,1.250000,0,.000000,.000000
7.400000,2.300000,1.250000,0,.000000,.000000
7.500000,2.300000,1.250000,0,.000000,.000000
7.600000,2.300000,1.250000,0,.000000,.000000
7.700000,2.300000,1.250000,0,.000000,.000000
7.800000,2.300000,1.250000,0,.000000,.000000
7.900000,2.300000,1.250000,0,.000000,.000000
8.000000,2.300000,1.250000,0,.000000,.000000
8.100000,2.300000,1.250000,0,.000000,.000000
8.200000,2.300000,1.250000,0,.000000,.000000
8.300000,2.300000,1.250000,0,.000000,.000000
8.400000,2.300000,1.250000,0,.000000,.000000
.000000,2.400000,1.250000,0,.000000,.000000
.1000000,2.400000,1.250000,0,.000000,.000000
.2000000,2.400000,1.250000,0,.000000,.000000
.3000000,2.400000,1.250000,0,.000000,.000000
.4000000,2.400000,1.250000,0,.000000,.000000
.5000000,2.400000,1.250000,0,.000000,.000000
.6000000,2.400000,1.250000,0,.000000,.000000
.7000000,2.400000,1.250000,0,.000000,.000000
.8000000,2.400000,1.250000,0,.000000,.000000
.9000000,2.400000,1.250000,0,.000000,.000000
1.000000,2.400000,1.250000,0,.000000,.000000
1.100000,2.400000,1.250000,0,.000000,.000000
1.200000,2.400000,1.250000,0,.000000,.000000
1.300000,2.400000,1.250000,0,.000000,.000000
1.400000,2.400000,1.250000,0,.000000,.000000
1.500000,2.400000,1.250000,0,.000000,.000000
1.600000,2.400000,1.250000,0,.000000,.000000
1.700000,2.400000,1.250000,0,.000000,.000000
1.800000,2.400000,1.250000,0,.000000,.000000
1.900000,2.400000,1.250000,0,.000000,.000000
2.000000,2.400000,1.250000,0,.000000,.000000
2.100000,2.400000,1.250000,0,.000000,.000000
2.200000,2.400000,1.250000,0,.000000,.000000
2.300000,2.400000,1.250000,0,.000000,.000000
2.400000,2.400000,1.250000,0,.000000,.000000
2.500000,2.400000,1.250000,0,.000000,.000000
2.600000,2.400000,1.250000,0,.000000,.000000
2.700000,2.400000,1.250000,0,.000000,.000000
2.800000,2.400000,1.250000,0,.000000,.000000
2.900000,2.400000,1.250000,0,.000000,.000000
3.000000,2.400000,1.250000,0,.000000,.000000
3.100000,2.400000,1.250000,0,.000000,.000000
3.200000,2.400000,1.250000,0,.000000,.000000
3.300000,2.400000,1.250000,0,.000000,.000000
3.400000,2.400000,1.250000,0,.000000,.000000
3.500000,2.400000,1.250000,0,.000000,.000000
3.600000,2.400000,1.250000,0,.000000,.000000
3.700000,2.400000,1.250000,0,.000000,.000000
3.800000,2.400000,1.250000,0,.000000,.000000
3.900000,2.400000,1.250000,0,.000000,.000000
4.000000,2.400000,1.250000,0,.000000,.000000
4.100000,2.400000,1.250000,50,.6543726E-07,.4268694E-01
4.200000,2.400000,1.250000,33,.7282990E-07,.4739338E-01
4.300000,2.400000,1.250000,44,.1669702E-06,.1053417
4.400000,2.400000,1.250000,102,.1218793E-06,.7803947E-01
4.500000,2.400000,1.250000,105,.1125519E-06,.7228863E-01
4.600000,2.400000,1.250000,122,.1140769E-06,.7323134E-01
4.700000,2.400000,1.250000,111,.2474278E-06,.1520655
4.800000,2.400000,1.250000,77,.7542977E-07,.4904306E-01
4.900000,2.400000,1.250000,64,.1619079E-06,.1023173
5.000000,2.400000,1.250000,45,.2852116E-06,.1731575
5.100000,2.400000,1.250000,63,.2967662E-06,.1795022
5.200000,2.400000,1.250000,80,.3136750E-06,.1886994
5.300000,2.400000,1.250000,65,.1916642E-06,.1199496
5.400000,2.400000,1.250000,20,.1901231E-07,.1259488E-01
5.500000,2.400000,1.250000,3,.8135416E-10,.5424023E-04
5.600000,2.400000,1.250000,0,.000000,.000000
5.700000,2.400000,1.250000,0,.000000,.000000
5.800000,2.400000,1.250000,0,.000000,.000000
5.900000,2.400000,1.250000,0,.000000,.000000
6.000000,2.400000,1.250000,0,.000000,.000000
6.100000,2.400000,1.250000,0,.000000,.000000
6.200000,2.400000,1.250000,0,.000000,.000000
6.300000,2.400000,1.250000,0,.000000,.000000
6.400000,2.400000,1.250000,0,.000000,.000000
6.500000,2.400000,1.250000,0,.000000,.000000
6.600000,2.400000,1.250000,0,.000000,.000000
6.700000,2.400000,1.250000,0,.000000,.000000
6.800000,2.400000,1.250000,0,.000000,.000000
6.900000,2.400000,1.250000,0,.000000,.000000
7.000000,2.400000,1.250000,0,.000000,.000000
7.100000,2.400000,1.250000,0,.000000,.000000
7.200000,2.400000,1.250000,0,.000000,.000000
7.300000,2.400000,1.250000,0,.000000,.000000
7.400000,2.400000,1.250000,0,.000000,.000000
7.500000,2.400000,1.250000,0,.000000,.000000
7.600000,2.400000,1.250000,0,.000000,.000000
7.700000,2.400000,1.250000,0,.000000,.000000
7.800000,2.400000,1.250000,0,.000000,.000000
7.900000,2.400000,1.250000,0,.000000,.000000
8.000000,2.400000,1.250000,0,.000000,.000000
8.100000,2.400000,1.250000,0,.000000,.000000
8.200000,2.400000,1.250000,0,.000000,.000000
8.300000,2.400000,1.250000,0,.000000,.000000
8.400000,2.400000,1.250000,0,.000000,.000000
.000000,2.500000,1.250000,0,.000000,.000000
.1000000,2.500000,1.250000,0,.000000,.000000
.2000000,2.500000,1.250000,0,.000000,.000000
.3000000,2.500000,1.250000,0,.000000,.000000
.4000000,2.500000,1.250000,0,.000000,.000000
.5000000,2.500000,1.250000,0,.000000,.000000
.6000000,2.500000,1.250000,0,.000000,.000000
.7000000,2.500000,1.250000,0,.000000,.000000
.8000000,2.500000,1.250000,0,.000000,.000000
.9000000,2.500000,1.250000,0,.000000,.000000
1.000000,2.500000,1.250000,0,.000000,.000000
1.100000,2.500000,1.250000,0,.000000,.000000
1.200000,2.500000,1.250000,0,.000000,.000000
1.300000,2.500000,1.250000,0,.000000,.000000
1.400000,2.500000,1.250000,0,.000000,.000000
1.500000,2.500000,1.250000,0,.000000,.000000
1.600000,2.500000,1.250000,0,.000000,.000000
1.700000,2.500000,1.250000,0,.000000,.000000
1.800000,2.500000,1.250000,0,.000000,.000000
1.900000,2.500000,1.250000,0,.000000,.000000
2.000000,2.500000,1.250000,0,.000000,.000000
2.100000,2.500000,1.250000,0,.000000,.000000
2.200000,2.500000,1.250000,0,.000000,.000000
2.300000,2.500000,1.250000,0,.000000,.000000
2.400000,2.500000,1.250000,0,.000000,.000000
2.500000,2.500000,1.250000,0,.000000,.000000
2.600000,2.500000,1.250000,0,.000000,.000000
2.700000,2.500000,1.250000,0,.000000,.000000
2.800000,2.500000,1.250000,0,.000000,.000000
2.900000,2.500000,1.250000,0,.000000,.000000
3.000000,2.500000,1.250000,0,.000000,.000000
3.100000,2.500000,1.250000,0,.000000,.000000
3.200000,2.500000,1.250000,0,.000000,.000000
3.300000,2.500000,1.250000,0,.000000,.000000
3.400000,2.500000,1.250000,0,.000000,.000000
3.500000,2.500000,1.250000,0,.000000,.000000
3.600000,2.500000,1.250000,0,.000000,.000000
3.700000,2.500000,1.250000,0,.000000,.000000
3.800000,2.500000,1.250000,0,.000000,.000000
3.900000,2.500000,1.250000,0,.000000,.000000
4.000000,2.500000,1.250000,0,.000000,.000000
4.100000,2.500000,1.250000,13,.1859803E-07,.1232213E-01
4.200000,2.500000,1.250000,68,.7728696E-07,.5021977E-01
4.300000,2.500000,1.250000,86,.8931249E-07,.5780375E-01
4.400000,2.500000,1.250000,85,.3471622E-07,.2287835E-01
4.500000,2.500000,1.250000,118,.1193545E-06,.7648629E-01
4.600000,2.500000,1.250000,206,.3075737E-06,.1853927
4.700000,2.500000,1.250000,202,.6607007E-06,.3562644
4.800000,2.500000,1.250000,191,.5021689E-06,.2845040
4.900000,2.500000,1.250000,131,.3557806E-06,.2111563
5.000000,2.500000,1.250000,76,.6338499E-07,.4137629E-01
5.100000,2.500000,1.250000,70,.1944372E-06,.1215751
5.200000,2.500000,1.250000,67,.2194199E-06,.1360841
5.300000,2.500000,1.250000,38,.1957409E-06,.1223382
5.400000,2.500000,1.250000,35,.5959490E-07,.3895104E-01
5.500000,2.500000,1.250000,20,.1528103E-06,.9685624E-01
5.600000,2.500000,1.250000,4,.1280785E-06,.8184189E-01
5.700000,2.500000,1.250000,0,.000000,.000000
5.800000,2.500000,1.250000,0,.000000,.000000
5.900000,2.500000,1.250000,0,.000000,.000000
6.000000,2.500000,1.250000,0,.000000,.000000
6.100000,2.500000,1.250000,0,.000000,.000000
6.200000,2.500000,1.250000,0,.000000,.000000
6.300000,2.500000,1.250000,0,.000000,.000000
6.400000,2.500000,1.250000,0,.000000,.000000
6.500000,2.500000,1.250000,0,.000000,.000000
6.600000,2.500000,1.250000,0,.000000,.000000
6.700000,2.500000,1.250000,0,.000000,.000000
6.800000,2.500000,1.250000,0,.000000,.000000
6.900000,2.500000,1.250000,0,.000000,.000000
7.000000,2.500000,1.250000,0,.000000,.000000
7.100000,2.500000,1.250000,0,.000000,.000000
7.200000,2.500000,1.250000,0,.000000,.000000
7.300000,2.500000,1.250000,0,.000000,.000000
7.400000,2.500000,1.250000,0,.000000,.000000
7.500000,2.500000,1.250000,0,.000000,.000000
7.600000,2.500000,1.250000,0,.000000,.000000
7.700000,2.500000,1.250000,0,.000000,.000000
7.800000,2.500000,1.250000,0,.000000,.000000
7.900000,2.500000,1.250000,0,.000000,.000000
8.000000,2.500000,1.250000,0,.000000,.000000
8.100000,2.500000,1.250000,0,.000000,.000000
8.200000,2.500000,1.250000,0,.000000,.000000
8.300000,2.500000,1.250000,0,.000000,.000000
8.400000,2.500000,1.250000,0,.000000,.000000
.000000,2.600000,1.250000,0,.000000,.000000
.1000000,2.600000,1.250000,0,.000000,.000000
.2000000,2.600000,1.250000,0,.000000,.000000
.3000000,2.600000,1.250000,0,.000000,.000000
.4000000,2.600000,1.250000,0,.000000,.000000
.5000000,2.600000,1.250000,0,.000000,.000000
.6000000,2.600000,1.250000,0,.000000,.000000
.7000000,2.600000,1.250000,0,.000000,.000000
.8000000,2.600000,1.250000,0,.000000,.000000
.9000000,2.600000,1.250000,0,.000000,.000000
1.000000,2.600000,1.250000,0,.000000,.000000
1.100000,2.600000,1.250000,0,.000000,.000000
1.200000,2.600000,1.250000,0,.000000,.000000
1.300000,2.600000,1.250000,0,.000000,.000000
1.400000,2.600000,1.250000,0,.000000,.000000
1.500000,2.600000,1.250000,0,.000000,.000000
1.600000,2.600000,1.250000,0,.000000,.000000
1.700000,2.600000,1.250000,0,.000000,.000000
1.800000,2.600000,1.250000,0,.000000,.000000
1.900000,2.600000,1.250000,0,.000000,.000000
2.000000,2.600000,1.250000,0,.000000,.000000
2.100000,2.600000,1.250000,0,.000000,.000000
2.200000,2.600000,1.250000,0,.000000,.000000
2.300000,2.600000,1.250000,0,.000000,.000000
2.400000,2.600000,1.250000,0,.000000,.000000
2.500000,2.600000,1.250000,0,.000000,.000000
2.600000,2.600000,1.250000,0,.000000,.000000
2.700000,2.600000,1.250000,0,.000000,.000000
2.800000,2.600000,1.250000,0,.000000,.000000
2.900000,2.600000,1.250000,0,.000000,.000000
3.000000,2.600000,1.250000,0,.000000,.000000
3.100000,2.600000,1.250000,0,.000000,.000000
3.200000,2.600000,1.250000,0,.000000,.000000
3.300000,2.600000,1.250000,0,.000000,.000000
3.400000,2.600000,1.250000,0,.000000,.000000
3.500000,2.600000,1.250000,0,.000000,.000000
3.600000,2.600000,1.250000,0,.000000,.000000
3.700000,2.600000,1.250000,0,.000000,.000000
3.800000,2.600000,1.250000,0,.000000,.000000
3.900000,2.600000,1.250000,0,.000000,.000000
4.000000,2.600000,1.250000,0,.000000,.000000
4.100000,2.600000,1.250000,1,.1795944E-09,.1197457E-03
4.200000,2.600000,1.250000,12,.2468467E-07,.1632178E-01
4.300000,2.600000,1.250000,1,.3817035E-09,.2544522E-03
4.400000,2.600000,1.250000,0,.000000,.000000
4.500000,2.600000,1.250000,13,.2858042E-08,.1903534E-02
4.600000,2.600000,1.250000,55,.3210406E-06,.1926735
4.700000,2.600000,1.250000,343,.5632242E-06,.3130425
4.800000,2.600000,1.250000,354,.7102713E-06,.3771902
4.900000,2.600000,1.250000,76,.4587912E-06,.2635109
5.000000,2.600000,1.250000,77,.7636694E-07,.4963702E-01
5.100000,2.600000,1.250000,53,.5486073E-07,.3591305E-01
5.200000,2.600000,1.250000,47,.1146711E-06,.7359838E-01
5.300000,2.600000,1.250000,101,.2418213E-06,.1488903
5.400000,2.600000,1.250000,31,.5194570E-07,.3403771E-01
5.500000,2.600000,1.250000,2,.1127092E-07,.7485807E-02
5.600000,2.600000,1.250000,4,.2216191E-07,.1466602E-01
5.700000,2.600000,1.250000,0,.000000,.000000
5.800000,2.600000,1.250000,0,.000000,.000000
5.900000,2.600000,1.250000,0,.000000,.000000
6.000000,2.600000,1.250000,0,.000000,.000000
6.100000,2.600000,1.250000,0,.000000,.000000
6.200000,2.600000,1.250000,0,.000000,.000000
6.300000,2.600000,1.250000,0,.000000,.000000
6.400000,2.600000,1.250000,0,.000000,.000000
6.500000,2.600000,1.250000,0,.000000,.000000
6.600000,2.600000,1.250000,0,.000000,.000000
6.700000,2.600000,1.250000,0,.000000,.000000
6.800000,2.600000,1.250000,0,.000000,.000000
6.900000,2.600000,1.250000,0,.000000,.000000
7.000000,2.600000,1.250000,0,.000000,.000000
7.100000,2.600000,1.250000,0,.000000,.000000
7.200000,2.600000,1.250000,0,.000000,.000000
7.300000,2.600000,1.250000,0,.000000,.000000
7.400000,2.600000,1.250000,0,.000000,.000000
7.500000,2.600000,1.250000,0,.000000,.000000
7.600000,2.600000,1.250000,0,.000000,.000000
7.700000,2.600000,1.250000,0,.000000,.000000
7.800000,2.600000,1.250000,0,.000000,.000000
7.900000,2.600000,1.250000,0,.000000,.000000
8.000000,2.600000,1.250000,0,.000000,.000000
8.100000,2.600000,1.250000,0,.000000,.000000
8.200000,2.600000,1.250000,0,.000000,.000000
8.300000,2.600000,1.250000,0,.000000,.000000
8.400000,2.600000,1.250000,0,.000000,.000000
.000000,2.700000,1.250000,0,.000000,.000000
.1000000,2.700000,1.250000,0,.000000,.000000
.2000000,2.700000,1.250000,0,.000000,.000000
.3000000,2.700000,1.250000,0,.000000,.000000
.4000000,2.700000,1.250000,0,.000000,.000000
.5000000,2.700000,1.250000,0,.000000,.000000
.6000000,2.700000,1.250000,0,.000000,.000000
.7000000,2.700000,1.250000,0,.000000,.000000
.8000000,2.700000,1.250000,0,.000000,.000000
.9000000,2.700000,1.250000,0,.000000,.000000
1.000000,2.700000,1.250000,0,.000000,.000000
1.100000,2.700000,1.250000,0,.000000,.000000
1.200000,2.700000,1.250000,0,.000000,.000000
1.300000,2.700000,1.250000,0,.000000,.000000
1.400000,2.700000,1.250000,0,.000000,.000000
1.500000,2.700000,1.250000,0,.000000,.000000
1.600000,2.700000,1.250000,0,.000000,.000000
1.700000,2.700000,1.250000,0,.000000,.000000
1.800000,2.700000,1.250000,0,.000000,.000000
1.900000,2.700000,1.250000,0,.000000,.000000
2.000000,2.700000,1.250000,0,.000000,.000000
2.100000,2.700000,1.250000,0,.000000,.000000
2.200000,2.700000,1.250000,0,.000000,.000000
2.300000,2.700000,1.250000,0,.000000,.000000
2.400000,2.700000,1.250000,0,.000000,.000000
2.500000,2.700000,1.250000,0,.000000,.000000
2.600000,2.700000,1.250000,0,.000000,.000000
2.700000,2.700000,1.250000,0,.000000,.000000
2.800000,2.700000,1.250000,0,.000000,.000000
2.900000,2.700000,1.250000,0,.000000,.000000
3.000000,2.700000,1.250000,0,.000000,.000000
3.100000,2.700000,1.250000,0,.000000,.000000
3.200000,2.700000,1.250000,0,.000000,.000000
3.300000,2.700000,1.250000,0,.000000,.000000
3.400000,2.700000,1.250000,0,.000000,.000000
3.500000,2.700000,1.250000,0,.000000,.000000
3.600000,2.700000,1.250000,0,.000000,.000000
3.700000,2.700000,1.250000,0,.000000,.000000
3.800000,2.700000,1.250000,0,.000000,.000000
3.900000,2.700000,1.250000,0,.000000,.000000
4.000000,2.700000,1.250000,0,.000000,.000000
4.100000,2.700000,1.250000,0,.000000,.000000
4.200000,2.700000,1.250000,9,.2417207E-07,.1598555E-01
4.300000,2.700000,1.250000,2,.7634070E-09,.5087852E-03
4.400000,2.700000,1.250000,0,.000000,.000000
4.500000,2.700000,1.250000,13,.2960667E-08,.1971841E-02
4.600000,2.700000,1.250000,100,.4910706E-06,.2791905
4.700000,2.700000,1.250000,153,.4390819E-06,.2537699
4.800000,2.700000,1.250000,448,.1214126E-05,.5548828
4.900000,2.700000,1.250000,154,.5012923E-06,.2840857
5.000000,2.700000,1.250000,39,.1612232E-06,.1019074
5.100000,2.700000,1.250000,57,.4600563E-07,.3020483E-01
5.200000,2.700000,1.250000,33,.3226285E-06,.1935276
5.300000,2.700000,1.250000,78,.3350978E-06,.2002040
5.400000,2.700000,1.250000,56,.1709233E-06,.1076964
5.500000,2.700000,1.250000,0,.000000,.000000
5.600000,2.700000,1.250000,0,.000000,.000000
5.700000,2.700000,1.250000,0,.000000,.000000
5.800000,2.700000,1.250000,0,.000000,.000000
5.900000,2.700000,1.250000,0,.000000,.000000
6.000000,2.700000,1.250000,0,.000000,.000000
6.100000,2.700000,1.250000,0,.000000,.000000
6.200000,2.700000,1.250000,0,.000000,.000000
6.300000,2.700000,1.250000,0,.000000,.000000
6.400000,2.700000,1.250000,0,.000000,.000000
6.500000,2.700000,1.250000,0,.000000,.000000
6.600000,2.700000,1.250000,0,.000000,.000000
6.700000,2.700000,1.250000,0,.000000,.000000
6.800000,2.700000,1.250000,0,.000000,.000000
6.900000,2.700000,1.250000,0,.000000,.000000
7.000000,2.700000,1.250000,0,.000000,.000000
7.100000,2.700000,1.250000,0,.000000,.000000
7.200000,2.700000,1.250000,0,.000000,.000000
7.300000,2.700000,1.250000,0,.000000,.000000
7.400000,2.700000,1.250000,0,.000000,.000000
7.500000,2.700000,1.250000,0,.000000,.000000
7.600000,2.700000,1.250000,0,.000000,.000000
7.700000,2.700000,1.250000,0,.000000,.000000
7.800000,2.700000,1.250000,0,.000000,.000000
7.900000,2.700000,1.250000,0,.000000,.000000
8.000000,2.700000,1.250000,0,.000000,.000000
8.100000,2.700000,1.250000,0,.000000,.000000
8.200000,2.700000,1.250000,0,.000000,.000000
8.300000,2.700000,1.250000,0,.000000,.000000
8.400000,2.700000,1.250000,0,.000000,.000000
.000000,2.800000,1.250000,0,.000000,.000000
.1000000,2.800000,1.250000,0,.000000,.000000
.2000000,2.800000,1.250000,0,.000000,.000000
.3000000,2.800000,1.250000,0,.000000,.000000
.4000000,2.800000,1.250000,0,.000000,.000000
.5000000,2.800000,1.250000,0,.000000,.000000
.6000000,2.800000,1.250000,0,.000000,.000000
.7000000,2.800000,1.250000,0,.000000,.000000
.8000000,2.800000,1.250000,0,.000000,.000000
.9000000,2.800000,1.250000,0,.000000,.000000
1.000000,2.800000,1.250000,0,.000000,.000000
1.100000,2.800000,1.250000,0,.000000,.000000
1.200000,2.800000,1.250000,0,.000000,.000000
1.300000,2.800000,1.250000,0,.000000,.000000
1.400000,2.800000,1.250000,0,.000000,.000000
1.500000,2.800000,1.250000,0,.000000,.000000
1.600000,2.800000,1.250000,0,.000000,.000000
1.700000,2.800000,1.250000,0,.000000,.000000
1.800000,2.800000,1.250000,0,.000000,.000000
1.900000,2.800000,1.250000,0,.000000,.000000
2.000000,2.800000,1.250000,0,.000000,.000000
2.100000,2.800000,1.250000,0,.000000,.000000
2.200000,2.800000,1.250000,0,.000000,.000000
2.300000,2.800000,1.250000,0,.000000,.000000
2.400000,2.800000,1.250000,0,.000000,.000000
2.500000,2.800000,1.250000,0,.000000,.000000
2.600000,2.800000,1.250000,0,.000000,.000000
2.700000,2.800000,1.250000,0,.000000,.000000
2.800000,2.800000,1.250000,0,.000000,.000000
2.900000,2.800000,1.250000,0,.000000,.000000
3.000000,2.800000,1.250000,0,.000000,.000000
3.100000,2.800000,1.250000,0,.000000,.000000
3.200000,2.800000,1.250000,0,.000000,.000000
3.300000,2.800000,1.250000,0,.000000,.000000
3.400000,2.800000,1.250000,0,.000000,.000000
3.500000,2.800000,1.250000,0,.000000,.000000
3.600000,2.800000,1.250000,0,.000000,.000000
3.700000,2.800000,1.250000,0,.000000,.000000
3.800000,2.800000,1.250000,0,.000000,.000000
3.900000,2.800000,1.250000,0,.000000,.000000
4.000000,2.800000,1.250000,0,.000000,.000000
4.100000,2.800000,1.250000,0,.000000,.000000
4.200000,2.800000,1.250000,3,.3569569E-08,.2376854E-02
4.300000,2.800000,1.250000,1,.3817035E-09,.2544522E-03
4.400000,2.800000,1.250000,0,.000000,.000000
4.500000,2.800000,1.250000,0,.000000,.000000
4.600000,2.800000,1.250000,94,.3283716E-06,.1966095
4.700000,2.800000,1.250000,103,.7076559E-06,.3761034
4.800000,2.800000,1.250000,80,.8938609E-07,.5784994E-01
4.900000,2.800000,1.250000,128,.5079698E-06,.2872657
5.000000,2.800000,1.250000,107,.4754689E-06,.2716542
5.100000,2.800000,1.250000,100,.3491131E-06,.2076421
5.200000,2.800000,1.250000,76,.9631515E-06,.4738142
5.300000,2.800000,1.250000,172,.8222932E-06,.4220082
5.400000,2.800000,1.250000,159,.4615157E-06,.2648473
5.500000,2.800000,1.250000,0,.000000,.000000
5.600000,2.800000,1.250000,0,.000000,.000000
5.700000,2.800000,1.250000,0,.000000,.000000
5.800000,2.800000,1.250000,0,.000000,.000000
5.900000,2.800000,1.250000,0,.000000,.000000
6.000000,2.800000,1.250000,0,.000000,.000000
6.100000,2.800000,1.250000,0,.000000,.000000
6.200000,2.800000,1.250000,0,.000000,.000000
6.300000,2.800000,1.250000,0,.000000,.000000
6.400000,2.800000,1.250000,0,.000000,.000000
6.500000,2.800000,1.250000,0,.000000,.000000
6.600000,2.800000,1.250000,0,.000000,.000000
6.700000,2.800000,1.250000,0,.000000,.000000
6.800000,2.800000,1.250000,0,.000000,.000000
6.900000,2.800000,1.250000,0,.000000,.000000
7.000000,2.800000,1.250000,0,.000000,.000000
7.100000,2.800000,1.250000,0,.000000,.000000
7.200000,2.800000,1.250000,0,.000000,.000000
7.300000,2.800000,1.250000,0,.000000,.000000
7.400000,2.800000,1.250000,0,.000000,.000000
7.500000,2.800000,1.250000,0,.000000,.000000
7.600000,2.800000,1.250000,0,.000000,.000000
7.700000,2.800000,1.250000,0,.000000,.000000
7.800000,2.800000,1.250000,0,.000000,.000000
7.900000,2.800000,1.250000,0,.000000,.000000
8.000000,2.800000,1.250000,0,.000000,.000000
8.100000,2.800000,1.250000,0,.000000,.000000
8.200000,2.800000,1.250000,0,.000000,.000000
8.300000,2.800000,1.250000,0,.000000,.000000
8.400000,2.800000,1.250000,0,.000000,.000000
.000000,2.900000,1.250000,0,.000000,.000000
.1000000,2.900000,1.250000,0,.000000,.000000
.2000000,2.900000,1.250000,0,.000000,.000000
.3000000,2.900000,1.250000,0,.000000,.000000
.4000000,2.900000,1.250000,0,.000000,.000000
.5000000,2.900000,1.250000,0,.000000,.000000
.6000000,2.900000,1.250000,0,.000000,.000000
.7000000,2.900000,1.250000,0,.000000,.000000
.8000000,2.900000,1.250000,0,.000000,.000000
.9000000,2.900000,1.250000,0,.000000,.000000
1.000000,2.900000,1.250000,0,.000000,.000000
1.100000,2.900000,1.250000,0,.000000,.000000
1.200000,2.900000,1.250000,0,.000000,.000000
1.300000,2.900000,1.250000,0,.000000,.000000
1.400000,2.900000,1.250000,0,.000000,.000000
1.500000,2.900000,1.250000,0,.000000,.000000
1.600000,2.900000,1.250000,0,.000000,.000000
1.700000,2.900000,1.250000,0,.000000,.000000
1.800000,2.900000,1.250000,0,.000000,.000000
1.900000,2.900000,1.250000,0,.000000,.000000
2.000000,2.900000,1.250000,0,.000000,.000000
2.100000,2.900000,1.250000,0,.000000,.000000
2.200000,2.900000,1.250000,0,.000000,.000000
2.300000,2.900000,1.250000,0,.000000,.000000
2.400000,2.900000,1.250000,0,.000000,.000000
2.500000,2.900000,1.250000,0,.000000,.000000
2.600000,2.900000,1.250000,0,.000000,.000000
2.700000,2.900000,1.250000,0,.000000,.000000
2.800000,2.900000,1.250000,0,.000000,.000000
2.900000,2.900000,1.250000,0,.000000,.000000
3.000000,2.900000,1.250000,0,.000000,.000000
3.100000,2.900000,1.250000,0,.000000,.000000
3.200000,2.900000,1.250000,0,.000000,.000000
3.300000,2.900000,1.250000,0,.000000,.000000
3.400000,2.900000,1.250000,0,.000000,.000000
3.500000,2.900000,1.250000,0,.000000,.000000
3.600000,2.900000,1.250000,0,.000000,.000000
3.700000,2.900000,1.250000,0,.000000,.000000
3.800000,2.900000,1.250000,0,.000000,.000000
3.900000,2.900000,1.250000,0,.000000,.000000
4.000000,2.900000,1.250000,0,.000000,.000000
4.100000,2.900000,1.250000,0,.000000,.000000
4.200000,2.900000,1.250000,2,.3187866E-08,.2122998E-02
4.300000,2.900000,1.250000,1,.3817035E-09,.2544522E-03
4.400000,2.900000,1.250000,2,.6345821E-08,.4221618E-02
4.500000,2.900000,1.250000,0,.000000,.000000
4.600000,2.900000,1.250000,60,.3688229E-07,.2428836E-01
4.700000,2.900000,1.250000,133,.7110489E-06,.3775131
4.800000,2.900000,1.250000,87,.4261524E-06,.2473098
4.900000,2.900000,1.250000,94,.9555587E-07,.6171721E-01
5.000000,2.900000,1.250000,81,.7666296E-07,.4982454E-01
5.100000,2.900000,1.250000,140,.6436731E-06,.3489152
5.200000,2.900000,1.250000,81,.1054825E-05,.5050096
5.300000,2.900000,1.250000,207,.5280129E-06,.2967259
5.400000,2.900000,1.250000,441,.1539099E-05,.6415857
5.500000,2.900000,1.250000,64,.4254372E-06,.2469509
5.600000,2.900000,1.250000,0,.000000,.000000
5.700000,2.900000,1.250000,7,.2484416E-07,.1642638E-01
5.800000,2.900000,1.250000,0,.000000,.000000
5.900000,2.900000,1.250000,0,.000000,.000000
6.000000,2.900000,1.250000,0,.000000,.000000
6.100000,2.900000,1.250000,0,.000000,.000000
6.200000,2.900000,1.250000,0,.000000,.000000
6.300000,2.900000,1.250000,0,.000000,.000000
6.400000,2.900000,1.250000,0,.000000,.000000
6.500000,2.900000,1.250000,0,.000000,.000000
6.600000,2.900000,1.250000,0,.000000,.000000
6.700000,2.900000,1.250000,0,.000000,.000000
6.800000,2.900000,1.250000,0,.000000,.000000
6.900000,2.900000,1.250000,0,.000000,.000000
7.000000,2.900000,1.250000,0,.000000,.000000
7.100000,2.900000,1.250000,0,.000000,.000000
7.200000,2.900000,1.250000,0,.000000,.000000
7.300000,2.900000,1.250000,0,.000000,.000000
7.400000,2.900000,1.250000,0,.000000,.000000
7.500000,2.900000,1.250000,0,.000000,.000000
7.600000,2.900000,1.250000,0,.000000,.000000
7.700000,2.900000,1.250000,0,.000000,.000000
7.800000,2.900000,1.250000,0,.000000,.000000
7.900000,2.900000,1.250000,0,.000000,.000000
8.000000,2.900000,1.250000,0,.000000,.000000
8.100000,2.900000,1.250000,0,.000000,.000000
8.200000,2.900000,1.250000,0,.000000,.000000
8.300000,2.900000,1.250000,0,.000000,.000000
8.400000,2.900000,1.250000,0,.000000,.000000
.000000,3.000000,1.250000,0,.000000,.000000
.1000000,3.000000,1.250000,0,.000000,.000000
.2000000,3.000000,1.250000,0,.000000,.000000
.3000000,3.000000,1.250000,0,.000000,.000000
.4000000,3.000000,1.250000,0,.000000,.000000
.5000000,3.000000,1.250000,0,.000000,.000000
.6000000,3.000000,1.250000,0,.000000,.000000
.7000000,3.000000,1.250000,0,.000000,.000000
.8000000,3.000000,1.250000,0,.000000,.000000
.9000000,3.000000,1.250000,0,.000000,.000000
1.000000,3.000000,1.250000,0,.000000,.000000
1.100000,3.000000,1.250000,0,.000000,.000000
1.200000,3.000000,1.250000,0,.000000,.000000
1.300000,3.000000,1.250000,0,.000000,.000000
1.400000,3.000000,1.250000,0,.000000,.000000
1.500000,3.000000,1.250000,0,.000000,.000000
1.600000,3.000000,1.250000,0,.000000,.000000
1.700000,3.000000,1.250000,0,.000000,.000000
1.800000,3.000000,1.250000,0,.000000,.000000
1.900000,3.000000,1.250000,0,.000000,.000000
2.000000,3.000000,1.250000,0,.000000,.000000
2.100000,3.000000,1.250000,0,.000000,.000000
2.200000,3.000000,1.250000,0,.000000,.000000
2.300000,3.000000,1.250000,0,.000000,.000000
2.400000,3.000000,1.250000,0,.000000,.000000
2.500000,3.000000,1.250000,0,.000000,.000000
2.600000,3.000000,1.250000,0,.000000,.000000
2.700000,3.000000,1.250000,0,.000000,.000000
2.800000,3.000000,1.250000,0,.000000,.000000
2.900000,3.000000,1.250000,0,.000000,.000000
3.000000,3.000000,1.250000,0,.000000,.000000
3.100000,3.000000,1.250000,0,.000000,.000000
3.200000,3.000000,1.250000,0,.000000,.000000
3.300000,3.000000,1.250000,0,.000000,.000000
3.400000,3.000000,1.250000,0,.000000,.000000
3.500000,3.000000,1.250000,0,.000000,.000000
3.600000,3.000000,1.250000,0,.000000,.000000
3.700000,3.000000,1.250000,0,.000000,.000000
3.800000,3.000000,1.250000,0,.000000,.000000
3.900000,3.000000,1.250000,0,.000000,.000000
4.000000,3.000000,1.250000,1,.3817035E-09,.2544522E-03
4.100000,3.000000,1.250000,0,.000000,.000000
4.200000,3.000000,1.250000,3,.3253316E-08,.2166510E-02
4.300000,3.000000,1.250000,0,.000000,.000000
4.400000,3.000000,1.250000,1,.5964117E-08,.3968179E-02
4.500000,3.000000,1.250000,0,.000000,.000000
4.600000,3.000000,1.250000,0,.000000,.000000
4.700000,3.000000,1.250000,135,.6723152E-07,.4383141E-01
4.800000,3.000000,1.250000,47,.1686209E-06,.1063257
4.900000,3.000000,1.250000,54,.4893325E-07,.3209579E-01
5.000000,3.000000,1.250000,55,.2908012E-06,.1762329
5.100000,3.000000,1.250000,246,.1505073E-05,.6333627
5.200000,3.000000,1.250000,129,.1295037E-05,.5782566
5.300000,3.000000,1.250000,80,.2041592E-06,.1272500
5.400000,3.000000,1.250000,243,.9682400E-06,.4755962
5.500000,3.000000,1.250000,81,.6845774E-07,.4461271E-01
5.600000,3.000000,1.250000,9,.1441623E-07,.9564757E-02
5.700000,3.000000,1.250000,84,.1942571E-06,.1214696
5.800000,3.000000,1.250000,12,.1108040E-07,.7359743E-02
5.900000,3.000000,1.250000,0,.000000,.000000
6.000000,3.000000,1.250000,0,.000000,.000000
6.100000,3.000000,1.250000,0,.000000,.000000
6.200000,3.000000,1.250000,0,.000000,.000000
6.300000,3.000000,1.250000,0,.000000,.000000
6.400000,3.000000,1.250000,0,.000000,.000000
6.500000,3.000000,1.250000,0,.000000,.000000
6.600000,3.000000,1.250000,0,.000000,.000000
6.700000,3.000000,1.250000,0,.000000,.000000
6.800000,3.000000,1.250000,0,.000000,.000000
6.900000,3.000000,1.250000,0,.000000,.000000
7.000000,3.000000,1.250000,0,.000000,.000000
7.100000,3.000000,1.250000,0,.000000,.000000
7.200000,3.000000,1.250000,0,.000000,.000000
7.300000,3.000000,1.250000,0,.000000,.000000
7.400000,3.000000,1.250000,0,.000000,.000000
7.500000,3.000000,1.250000,0,.000000,.000000
7.600000,3.000000,1.250000,0,.000000,.000000
7.700000,3.000000,1.250000,0,.000000,.000000
7.800000,3.000000,1.250000,0,.000000,.000000
7.900000,3.000000,1.250000,0,.000000,.000000
8.000000,3.000000,1.250000,0,.000000,.000000
8.100000,3.000000,1.250000,0,.000000,.000000
8.200000,3.000000,1.250000,0,.000000,.000000
8.300000,3.000000,1.250000,0,.000000,.000000
8.400000,3.000000,1.250000,0,.000000,.000000
.000000,3.100000,1.250000,0,.000000,.000000
.1000000,3.100000,1.250000,0,.000000,.000000
.2000000,3.100000,1.250000,0,.000000,.000000
.3000000,3.100000,1.250000,0,.000000,.000000
.4000000,3.100000,1.250000,0,.000000,.000000
.5000000,3.100000,1.250000,0,.000000,.000000
.6000000,3.100000,1.250000,0,.000000,.000000
.7000000,3.100000,1.250000,0,.000000,.000000
.8000000,3.100000,1.250000,0,.000000,.000000
.9000000,3.100000,1.250000,0,.000000,.000000
1.000000,3.100000,1.250000,0,.000000,.000000
1.100000,3.100000,1.250000,0,.000000,.000000
1.200000,3.100000,1.250000,0,.000000,.000000
1.300000,3.100000,1.250000,0,.000000,.000000
1.400000,3.100000,1.250000,0,.000000,.000000
1.500000,3.100000,1.250000,0,.000000,.000000
1.600000,3.100000,1.250000,0,.000000,.000000
1.700000,3.100000,1.250000,0,.000000,.000000
1.800000,3.100000,1.250000,0,.000000,.000000
1.900000,3.100000,1.250000,0,.000000,.000000
2.000000,3.100000,1.250000,0,.000000,.000000
2.100000,3.100000,1.250000,0,.000000,.000000
2.200000,3.100000,1.250000,0,.000000,.000000
2.300000,3.100000,1.250000,0,.000000,.000000
2.400000,3.100000,1.250000,0,.000000,.000000
2.500000,3.100000,1.250000,0,.000000,.000000
2.600000,3.100000,1.250000,0,.000000,.000000
2.700000,3.100000,1.250000,0,.000000,.000000
2.800000,3.100000,1.250000,0,.000000,.000000
2.900000,3.100000,1.250000,0,.000000,.000000
3.000000,3.100000,1.250000,0,.000000,.000000
3.100000,3.100000,1.250000,0,.000000,.000000
3.200000,3.100000,1.250000,0,.000000,.000000
3.300000,3.100000,1.250000,0,.000000,.000000
3.400000,3.100000,1.250000,0,.000000,.000000
3.500000,3.100000,1.250000,0,.000000,.000000
3.600000,3.100000,1.250000,0,.000000,.000000
3.700000,3.100000,1.250000,0,.000000,.000000
3.800000,3.100000,1.250000,0,.000000,.000000
3.900000,3.100000,1.250000,0,.000000,.000000
4.000000,3.100000,1.250000,3,.1407708E-07,.9340823E-02
4.100000,3.100000,1.250000,3,.1407708E-07,.9340823E-02
4.200000,3.100000,1.250000,1,.3817035E-09,.2544522E-03
4.300000,3.100000,1.250000,0,.000000,.000000
4.400000,3.100000,1.250000,0,.000000,.000000
4.500000,3.100000,1.250000,0,.000000,.000000
4.600000,3.100000,1.250000,0,.000000,.000000
4.700000,3.100000,1.250000,16,.2502180E-07,.1654285E-01
4.800000,3.100000,1.250000,39,.6173771E-07,.4032296E-01
4.900000,3.100000,1.250000,109,.1939217E-06,.1212731
5.000000,3.100000,1.250000,187,.1267621E-05,.5704772
5.100000,3.100000,1.250000,434,.2143561E-05,.7604613
5.200000,3.100000,1.250000,240,.2402553E-05,.7984468
5.300000,3.100000,1.250000,96,.7255741E-06,.3835118
5.400000,3.100000,1.250000,119,.2434945E-06,.1498391
5.500000,3.100000,1.250000,161,.4240163E-06,.2462372
5.600000,3.100000,1.250000,16,.1861293E-07,.1233196E-01
5.700000,3.100000,1.250000,31,.1536785E-06,.9737885E-01
5.800000,3.100000,1.250000,38,.1980680E-07,.1311773E-01
5.900000,3.100000,1.250000,11,.8120209E-08,.5398870E-02
6.000000,3.100000,1.250000,0,.000000,.000000
6.100000,3.100000,1.250000,0,.000000,.000000
6.200000,3.100000,1.250000,0,.000000,.000000
6.300000,3.100000,1.250000,0,.000000,.000000
6.400000,3.100000,1.250000,0,.000000,.000000
6.500000,3.100000,1.250000,0,.000000,.000000
6.600000,3.100000,1.250000,0,.000000,.000000
6.700000,3.100000,1.250000,0,.000000,.000000
6.800000,3.100000,1.250000,0,.000000,.000000
6.900000,3.100000,1.250000,0,.000000,.000000
7.000000,3.100000,1.250000,0,.000000,.000000
7.100000,3.100000,1.250000,0,.000000,.000000
7.200000,3.100000,1.250000,0,.000000,.000000
7.300000,3.100000,1.250000,0,.000000,.000000
7.400000,3.100000,1.250000,0,.000000,.000000
7.500000,3.100000,1.250000,0,.000000,.000000
7.600000,3.100000,1.250000,0,.000000,.000000
7.700000,3.100000,1.250000,0,.000000,.000000
7.800000,3.100000,1.250000,0,.000000,.000000
7.900000,3.100000,1.250000,0,.000000,.000000
8.000000,3.100000,1.250000,0,.000000,.000000
8.100000,3.100000,1.250000,0,.000000,.000000
8.200000,3.100000,1.250000,0,.000000,.000000
8.300000,3.100000,1.250000,0,.000000,.000000
8.400000,3.100000,1.250000,0,.000000,.000000
.000000,3.200000,1.250000,0,.000000,.000000
.1000000,3.200000,1.250000,0,.000000,.000000
.2000000,3.200000,1.250000,0,.000000,.000000
.3000000,3.200000,1.250000,0,.000000,.000000
.4000000,3.200000,1.250000,0,.000000,.000000
.5000000,3.200000,1.250000,0,.000000,.000000
.6000000,3.200000,1.250000,0,.000000,.000000
.7000000,3.200000,1.250000,0,.000000,.000000
.8000000,3.200000,1.250000,0,.000000,.000000
.9000000,3.200000,1.250000,0,.000000,.000000
1.000000,3.200000,1.250000,0,.000000,.000000
1.100000,3.200000,1.250000,0,.000000,.000000
1.200000,3.200000,1.250000,0,.000000,.000000
1.300000,3.200000,1.250000,0,.000000,.000000
1.400000,3.200000,1.250000,0,.000000,.000000
1.500000,3.200000,1.250000,0,.000000,.000000
1.600000,3.200000,1.250000,0,.000000,.000000
1.700000,3.200000,1.250000,0,.000000,.000000
1.800000,3.200000,1.250000,0,.000000,.000000
1.900000,3.200000,1.250000,0,.000000,.000000
2.000000,3.200000,1.250000,0,.000000,.000000
2.100000,3.200000,1.250000,0,.000000,.000000
2.200000,3.200000,1.250000,0,.000000,.000000
2.300000,3.200000,1.250000,0,.000000,.000000
2.400000,3.200000,1.250000,0,.000000,.000000
2.500000,3.200000,1.250000,0,.000000,.000000
2.600000,3.200000,1.250000,0,.000000,.000000
2.700000,3.200000,1.250000,0,.000000,.000000
2.800000,3.200000,1.250000,0,.000000,.000000
2.900000,3.200000,1.250000,0,.000000,.000000
3.000000,3.200000,1.250000,0,.000000,.000000
3.100000,3.200000,1.250000,0,.000000,.000000
3.200000,3.200000,1.250000,0,.000000,.000000
3.300000,3.200000,1.250000,0,.000000,.000000
3.400000,3.200000,1.250000,0,.000000,.000000
3.500000,3.200000,1.250000,0,.000000,.000000
3.600000,3.200000,1.250000,0,.000000,.000000
3.700000,3.200000,1.250000,0,.000000,.000000
3.800000,3.200000,1.250000,0,.000000,.000000
3.900000,3.200000,1.250000,0,.000000,.000000
4.000000,3.200000,1.250000,1,.2806162E-08,.1869023E-02
4.100000,3.200000,1.250000,1,.1088922E-07,.7233202E-02
4.200000,3.200000,1.250000,0,.000000,.000000
4.300000,3.200000,1.250000,0,.000000,.000000
4.400000,3.200000,1.250000,0,.000000,.000000
4.500000,3.200000,1.250000,0,.000000,.000000
4.600000,3.200000,1.250000,0,.000000,.000000
4.700000,3.200000,1.250000,0,.000000,.000000
4.800000,3.200000,1.250000,18,.2529164E-07,.1671976E-01
4.900000,3.200000,1.250000,316,.5640814E-06,.3134349
5.000000,3.200000,1.250000,613,.3896834E-05,.9255695
5.100000,3.200000,1.250000,748,.4930932E-05,.9626450
5.200000,3.200000,1.250000,368,.2950203E-05,.8600965
5.300000,3.200000,1.250000,121,.1013799E-05,.4912843
5.400000,3.200000,1.250000,197,.8212296E-06,.4215981
5.500000,3.200000,1.250000,301,.5512036E-06,.3075153
5.600000,3.200000,1.250000,19,.1978646E-07,.1310438E-01
5.700000,3.200000,1.250000,23,.1456383E-06,.9252769E-01
5.800000,3.200000,1.250000,24,.3078432E-07,.2031374E-01
5.900000,3.200000,1.250000,6,.7289204E-08,.4847705E-02
6.000000,3.200000,1.250000,0,.000000,.000000
6.100000,3.200000,1.250000,0,.000000,.000000
6.200000,3.200000,1.250000,0,.000000,.000000
6.300000,3.200000,1.250000,0,.000000,.000000
6.400000,3.200000,1.250000,0,.000000,.000000
6.500000,3.200000,1.250000,0,.000000,.000000
6.600000,3.200000,1.250000,0,.000000,.000000
6.700000,3.200000,1.250000,0,.000000,.000000
6.800000,3.200000,1.250000,0,.000000,.000000
6.900000,3.200000,1.250000,0,.000000,.000000
7.000000,3.200000,1.250000,0,.000000,.000000
7.100000,3.200000,1.250000,0,.000000,.000000
7.200000,3.200000,1.250000,0,.000000,.000000
7.300000,3.200000,1.250000,0,.000000,.000000
7.400000,3.200000,1.250000,0,.000000,.000000
7.500000,3.200000,1.250000,0,.000000,.000000
7.600000,3.200000,1.250000,0,.000000,.000000
7.700000,3.200000,1.250000,0,.000000,.000000
7.800000,3.200000,1.250000,0,.000000,.000000
7.900000,3.200000,1.250000,0,.000000,.000000
8.000000,3.200000,1.250000,0,.000000,.000000
8.100000,3.200000,1.250000,0,.000000,.000000
8.200000,3.200000,1.250000,0,.000000,.000000
8.300000,3.200000,1.250000,0,.000000,.000000
8.400000,3.200000,1.250000,0,.000000,.000000
.000000,3.300000,1.250000,0,.000000,.000000
.1000000,3.300000,1.250000,0,.000000,.000000
.2000000,3.300000,1.250000,0,.000000,.000000
.3000000,3.300000,1.250000,0,.000000,.000000
.4000000,3.300000,1.250000,0,.000000,.000000
.5000000,3.300000,1.250000,0,.000000,.000000
.6000000,3.300000,1.250000,0,.000000,.000000
.7000000,3.300000,1.250000,0,.000000,.000000
.8000000,3.300000,1.250000,0,.000000,.000000
.9000000,3.300000,1.250000,0,.000000,.000000
1.000000,3.300000,1.250000,0,.000000,.000000
1.100000,3.300000,1.250000,0,.000000,.000000
1.200000,3.300000,1.250000,0,.000000,.000000
1.300000,3.300000,1.250000,0,.000000,.000000
1.400000,3.300000,1.250000,0,.000000,.000000
1.500000,3.300000,1.250000,0,.000000,.000000
1.600000,3.300000,1.250000,0,.000000,.000000
1.700000,3.300000,1.250000,0,.000000,.000000
1.800000,3.300000,1.250000,0,.000000,.000000
1.900000,3.300000,1.250000,0,.000000,.000000
2.000000,3.300000,1.250000,0,.000000,.000000
2.100000,3.300000,1.250000,0,.000000,.000000
2.200000,3.300000,1.250000,0,.000000,.000000
2.300000,3.300000,1.250000,0,.000000,.000000
2.400000,3.300000,1.250000,0,.000000,.000000
2.500000,3.300000,1.250000,0,.000000,.000000
2.600000,3.300000,1.250000,0,.000000,.000000
2.700000,3.300000,1.250000,0,.000000,.000000
2.800000,3.300000,1.250000,0,.000000,.000000
2.900000,3.300000,1.250000,0,.000000,.000000
3.000000,3.300000,1.250000,0,.000000,.000000
3.100000,3.300000,1.250000,0,.000000,.000000
3.200000,3.300000,1.250000,0,.000000,.000000
3.300000,3.300000,1.250000,0,.000000,.000000
3.400000,3.300000,1.250000,0,.000000,.000000
3.500000,3.300000,1.250000,0,.000000,.000000
3.600000,3.300000,1.250000,0,.000000,.000000
3.700000,3.300000,1.250000,1,.1795944E-09,.1197457E-03
3.800000,3.300000,1.250000,0,.000000,.000000
3.900000,3.300000,1.250000,0,.000000,.000000
4.000000,3.300000,1.250000,0,.000000,.000000
4.100000,3.300000,1.250000,1,.1088922E-07,.7233202E-02
4.200000,3.300000,1.250000,0,.000000,.000000
4.300000,3.300000,1.250000,0,.000000,.000000
4.400000,3.300000,1.250000,4,.1128544E-07,.7495403E-02
4.500000,3.300000,1.250000,9,.2263772E-07,.1497853E-01
4.600000,3.300000,1.250000,16,.3004368E-07,.1982987E-01
4.700000,3.300000,1.250000,3,.2616276E-06,.1600546
4.800000,3.300000,1.250000,32,.5382044E-06,.3014880
4.900000,3.300000,1.250000,263,.1772942E-05,.6933233
5.000000,3.300000,1.250000,629,.5092485E-05,.9664591
5.100000,3.300000,1.250000,738,.4653758E-05,.9550635
5.200000,3.300000,1.250000,206,.2232789E-05,.7742949
5.300000,3.300000,1.250000,62,.2100108E-06,.1306480
5.400000,3.300000,1.250000,175,.4900581E-06,.2787038
5.500000,3.300000,1.250000,225,.3012160E-06,.1819327
5.600000,3.300000,1.250000,30,.2679573E-07,.1770520E-01
5.700000,3.300000,1.250000,12,.1935079E-08,.1289248E-02
5.800000,3.300000,1.250000,4,.1140182E-07,.7572412E-02
5.900000,3.300000,1.250000,0,.000000,.000000
6.000000,3.300000,1.250000,0,.000000,.000000
6.100000,3.300000,1.250000,0,.000000,.000000
6.200000,3.300000,1.250000,0,.000000,.000000
6.300000,3.300000,1.250000,0,.000000,.000000
6.400000,3.300000,1.250000,0,.000000,.000000
6.500000,3.300000,1.250000,0,.000000,.000000
6.600000,3.300000,1.250000,0,.000000,.000000
6.700000,3.300000,1.250000,0,.000000,.000000
6.800000,3.300000,1.250000,0,.000000,.000000
6.900000,3.300000,1.250000,0,.000000,.000000
7.000000,3.300000,1.250000,0,.000000,.000000
7.100000,3.300000,1.250000,0,.000000,.000000
7.200000,3.300000,1.250000,0,.000000,.000000
7.300000,3.300000,1.250000,0,.000000,.000000
7.400000,3.300000,1.250000,0,.000000,.000000
7.500000,3.300000,1.250000,0,.000000,.000000
7.600000,3.300000,1.250000,0,.000000,.000000
7.700000,3.300000,1.250000,0,.000000,.000000
7.800000,3.300000,1.250000,0,.000000,.000000
7.900000,3.300000,1.250000,0,.000000,.000000
8.000000,3.300000,1.250000,0,.000000,.000000
8.100000,3.300000,1.250000,0,.000000,.000000
8.200000,3.300000,1.250000,0,.000000,.000000
8.300000,3.300000,1.250000,0,.000000,.000000
8.400000,3.300000,1.250000,0,.000000,.000000
.000000,3.400000,1.250000,0,.000000,.000000
.1000000,3.400000,1.250000,0,.000000,.000000
.2000000,3.400000,1.250000,0,.000000,.000000
.3000000,3.400000,1.250000,0,.000000,.000000
.4000000,3.400000,1.250000,0,.000000,.000000
.5000000,3.400000,1.250000,0,.000000,.000000
.6000000,3.400000,1.250000,0,.000000,.000000
.7000000,3.400000,1.250000,0,.000000,.000000
.8000000,3.400000,1.250000,0,.000000,.000000
.9000000,3.400000,1.250000,0,.000000,.000000
1.000000,3.400000,1.250000,0,.000000,.000000
1.100000,3.400000,1.250000,0,.000000,.000000
1.200000,3.400000,1.250000,0,.000000,.000000
1.300000,3.400000,1.250000,0,.000000,.000000
1.400000,3.400000,1.250000,0,.000000,.000000
1.500000,3.400000,1.250000,0,.000000,.000000
1.600000,3.400000,1.250000,0,.000000,.000000
1.700000,3.400000,1.250000,0,.000000,.000000
1.800000,3.400000,1.250000,0,.000000,.000000
1.900000,3.400000,1.250000,0,.000000,.000000
2.000000,3.400000,1.250000,0,.000000,.000000
2.100000,3.400000,1.250000,0,.000000,.000000
2.200000,3.400000,1.250000,0,.000000,.000000
2.300000,3.400000,1.250000,0,.000000,.000000
2.400000,3.400000,1.250000,0,.000000,.000000
2.500000,3.400000,1.250000,0,.000000,.000000
2.600000,3.400000,1.250000,0,.000000,.000000
2.700000,3.400000,1.250000,0,.000000,.000000
2.800000,3.400000,1.250000,0,.000000,.000000
2.900000,3.400000,1.250000,0,.000000,.000000
3.000000,3.400000,1.250000,0,.000000,.000000
3.100000,3.400000,1.250000,0,.000000,.000000
3.200000,3.400000,1.250000,0,.000000,.000000
3.300000,3.400000,1.250000,0,.000000,.000000
3.400000,3.400000,1.250000,0,.000000,.000000
3.500000,3.400000,1.250000,0,.000000,.000000
3.600000,3.400000,1.250000,0,.000000,.000000
3.700000,3.400000,1.250000,1,.1795944E-09,.1197457E-03
3.800000,3.400000,1.250000,1,.1795944E-09,.1197457E-03
3.900000,3.400000,1.250000,1,.1795944E-09,.1197457E-03
4.000000,3.400000,1.250000,0,.000000,.000000
4.100000,3.400000,1.250000,0,.000000,.000000
4.200000,3.400000,1.250000,0,.000000,.000000
4.300000,3.400000,1.250000,2,.6143712E-08,.4087448E-02
4.400000,3.400000,1.250000,8,.1484117E-06,.9420395E-01
4.500000,3.400000,1.250000,8,.1461894E-06,.9286100E-01
4.600000,3.400000,1.250000,20,.2890605E-06,.1752764
4.700000,3.400000,1.250000,18,.4116323E-06,.2399884
4.800000,3.400000,1.250000,40,.5600228E-06,.3115748
4.900000,3.400000,1.250000,300,.2300990E-05,.7843274
5.000000,3.400000,1.250000,822,.6059353E-05,.9823949
5.100000,3.400000,1.250000,503,.3862773E-05,.9238600
5.200000,3.400000,1.250000,73,.2328019E-05,.7881788
5.300000,3.400000,1.250000,4,.3759439E-09,.2505779E-03
5.400000,3.400000,1.250000,21,.1495673E-07,.9921610E-02
5.500000,3.400000,1.250000,98,.6202548E-07,.4050708E-01
5.600000,3.400000,1.250000,42,.4518879E-07,.2967662E-01
5.700000,3.400000,1.250000,5,.7187592E-09,.4790425E-03
5.800000,3.400000,1.250000,0,.000000,.000000
5.900000,3.400000,1.250000,0,.000000,.000000
6.000000,3.400000,1.250000,0,.000000,.000000
6.100000,3.400000,1.250000,0,.000000,.000000
6.200000,3.400000,1.250000,0,.000000,.000000
6.300000,3.400000,1.250000,0,.000000,.000000
6.400000,3.400000,1.250000,0,.000000,.000000
6.500000,3.400000,1.250000,0,.000000,.000000
6.600000,3.400000,1.250000,0,.000000,.000000
6.700000,3.400000,1.250000,0,.000000,.000000
6.800000,3.400000,1.250000,0,.000000,.000000
6.900000,3.400000,1.250000,0,.000000,.000000
7.000000,3.400000,1.250000,0,.000000,.000000
7.100000,3.400000,1.250000,0,.000000,.000000
7.200000,3.400000,1.250000,0,.000000,.000000
7.300000,3.400000,1.250000,0,.000000,.000000
7.400000,3.400000,1.250000,0,.000000,.000000
7.500000,3.400000,1.250000,0,.000000,.000000
7.600000,3.400000,1.250000,0,.000000,.000000
7.700000,3.400000,1.250000,0,.000000,.000000
7.800000,3.400000,1.250000,0,.000000,.000000
7.900000,3.400000,1.250000,0,.000000,.000000
8.000000,3.400000,1.250000,0,.000000,.000000
8.100000,3.400000,1.250000,0,.000000,.000000
8.200000,3.400000,1.250000,0,.000000,.000000
8.300000,3.400000,1.250000,0,.000000,.000000
8.400000,3.400000,1.250000,0,.000000,.000000
.000000,3.500000,1.250000,0,.000000,.000000
.1000000,3.500000,1.250000,0,.000000,.000000
.2000000,3.500000,1.250000,0,.000000,.000000
.3000000,3.500000,1.250000,0,.000000,.000000
.4000000,3.500000,1.250000,0,.000000,.000000
.5000000,3.500000,1.250000,0,.000000,.000000
.6000000,3.500000,1.250000,0,.000000,.000000
.7000000,3.500000,1.250000,0,.000000,.000000
.8000000,3.500000,1.250000,0,.000000,.000000
.9000000,3.500000,1.250000,0,.000000,.000000
1.000000,3.500000,1.250000,0,.000000,.000000
1.100000,3.500000,1.250000,0,.000000,.000000
1.200000,3.500000,1.250000,0,.000000,.000000
1.300000,3.500000,1.250000,0,.000000,.000000
1.400000,3.500000,1.250000,0,.000000,.000000
1.500000,3.500000,1.250000,0,.000000,.000000
1.600000,3.500000,1.250000,0,.000000,.000000
1.700000,3.500000,1.250000,0,.000000,.000000
1.800000,3.500000,1.250000,0,.000000,.000000
1.900000,3.500000,1.250000,0,.000000,.000000
2.000000,3.500000,1.250000,0,.000000,.000000
2.100000,3.500000,1.250000,0,.000000,.000000
2.200000,3.500000,1.250000,0,.000000,.000000
2.300000,3.500000,1.250000,0,.000000,.000000
2.400000,3.500000,1.250000,0,.000000,.000000
2.500000,3.500000,1.250000,0,.000000,.000000
2.600000,3.500000,1.250000,0,.000000,.000000
2.700000,3.500000,1.250000,0,.000000,.000000
2.800000,3.500000,1.250000,0,.000000,.000000
2.900000,3.500000,1.250000,0,.000000,.000000
3.000000,3.500000,1.250000,0,.000000,.000000
3.100000,3.500000,1.250000,0,.000000,.000000
3.200000,3.500000,1.250000,0,.000000,.000000
3.300000,3.500000,1.250000,0,.000000,.000000
3.400000,3.500000,1.250000,0,.000000,.000000
3.500000,3.500000,1.250000,0,.000000,.000000
3.600000,3.500000,1.250000,0,.000000,.000000
3.700000,3.500000,1.250000,0,.000000,.000000
3.800000,3.500000,1.250000,1,.6544985E-10,.4363060E-04
3.900000,3.500000,1.250000,1,.6544985E-10,.4363060E-04
4.000000,3.500000,1.250000,0,.000000,.000000
4.100000,3.500000,1.250000,0,.000000,.000000
4.200000,3.500000,1.250000,0,.000000,.000000
4.300000,3.500000,1.250000,0,.000000,.000000
4.400000,3.500000,1.250000,0,.000000,.000000
4.500000,3.500000,1.250000,2,.7634070E-09,.5087852E-03
4.600000,3.500000,1.250000,3,.1310196E-06,.8364040E-01
4.700000,3.500000,1.250000,3,.6323306E-08,.4206657E-02
4.800000,3.500000,1.250000,23,.4098720E-06,.2390959
4.900000,3.500000,1.250000,102,.1312031E-05,.5830076
5.000000,3.500000,1.250000,1524,.1235606E-04,.9997354
5.100000,3.500000,1.250000,585,.4843170E-05,.9603942
5.200000,3.500000,1.250000,9,.1374625E-06,.8756799E-01
5.300000,3.500000,1.250000,1,.2806162E-08,.1869023E-02
5.400000,3.500000,1.250000,1,.1795944E-09,.1197457E-03
5.500000,3.500000,1.250000,0,.000000,.000000
5.600000,3.500000,1.250000,2,.2871612E-08,.1912594E-02
5.700000,3.500000,1.250000,5,.3345327E-08,.2227724E-02
5.800000,3.500000,1.250000,3,.3595705E-09,.2396703E-03
5.900000,3.500000,1.250000,0,.000000,.000000
6.000000,3.500000,1.250000,0,.000000,.000000
6.100000,3.500000,1.250000,0,.000000,.000000
6.200000,3.500000,1.250000,0,.000000,.000000
6.300000,3.500000,1.250000,0,.000000,.000000
6.400000,3.500000,1.250000,0,.000000,.000000
6.500000,3.500000,1.250000,0,.000000,.000000
6.600000,3.500000,1.250000,0,.000000,.000000
6.700000,3.500000,1.250000,0,.000000,.000000
6.800000,3.500000,1.250000,0,.000000,.000000
6.900000,3.500000,1.250000,0,.000000,.000000
7.000000,3.500000,1.250000,0,.000000,.000000
7.100000,3.500000,1.250000,0,.000000,.000000
7.200000,3.500000,1.250000,0,.000000,.000000
7.300000,3.500000,1.250000,0,.000000,.000000
7.400000,3.500000,1.250000,0,.000000,.000000
7.500000,3.500000,1.250000,0,.000000,.000000
7.600000,3.500000,1.250000,0,.000000,.000000
7.700000,3.500000,1.250000,0,.000000,.000000
7.800000,3.500000,1.250000,0,.000000,.000000
7.900000,3.500000,1.250000,0,.000000,.000000
8.000000,3.500000,1.250000,0,.000000,.000000
8.100000,3.500000,1.250000,0,.000000,.000000
8.200000,3.500000,1.250000,0,.000000,.000000
8.300000,3.500000,1.250000,0,.000000,.000000
8.400000,3.500000,1.250000,0,.000000,.000000
.000000,3.600000,1.250000,0,.000000,.000000
.1000000,3.600000,1.250000,0,.000000,.000000
.2000000,3.600000,1.250000,0,.000000,.000000
.3000000,3.600000,1.250000,0,.000000,.000000
.4000000,3.600000,1.250000,0,.000000,.000000
.5000000,3.600000,1.250000,0,.000000,.000000
.6000000,3.600000,1.250000,0,.000000,.000000
.7000000,3.600000,1.250000,0,.000000,.000000
.8000000,3.600000,1.250000,0,.000000,.000000
.9000000,3.600000,1.250000,0,.000000,.000000
1.000000,3.600000,1.250000,0,.000000,.000000
1.100000,3.600000,1.250000,0,.000000,.000000
1.200000,3.600000,1.250000,0,.000000,.000000
1.300000,3.600000,1.250000,0,.000000,.000000
1.400000,3.600000,1.250000,0,.000000,.000000
1.500000,3.600000,1.250000,0,.000000,.000000
1.600000,3.600000,1.250000,0,.000000,.000000
1.700000,3.600000,1.250000,0,.000000,.000000
1.800000,3.600000,1.250000,0,.000000,.000000
1.900000,3.600000,1.250000,0,.000000,.000000
2.000000,3.600000,1.250000,0,.000000,.000000
2.100000,3.600000,1.250000,0,.000000,.000000
2.200000,3.600000,1.250000,0,.000000,.000000
2.300000,3.600000,1.250000,0,.000000,.000000
2.400000,3.600000,1.250000,0,.000000,.000000
2.500000,3.600000,1.250000,0,.000000,.000000
2.600000,3.600000,1.250000,0,.000000,.000000
2.700000,3.600000,1.250000,0,.000000,.000000
2.800000,3.600000,1.250000,0,.000000,.000000
2.900000,3.600000,1.250000,0,.000000,.000000
3.000000,3.600000,1.250000,0,.000000,.000000
3.100000,3.600000,1.250000,0,.000000,.000000
3.200000,3.600000,1.250000,0,.000000,.000000
3.300000,3.600000,1.250000,0,.000000,.000000
3.400000,3.600000,1.250000,0,.000000,.000000
3.500000,3.600000,1.250000,0,.000000,.000000
3.600000,3.600000,1.250000,0,.000000,.000000
3.700000,3.600000,1.250000,0,.000000,.000000
3.800000,3.600000,1.250000,0,.000000,.000000
3.900000,3.600000,1.250000,0,.000000,.000000
4.000000,3.600000,1.250000,0,.000000,.000000
4.100000,3.600000,1.250000,0,.000000,.000000
4.200000,3.600000,1.250000,0,.000000,.000000
4.300000,3.600000,1.250000,0,.000000,.000000
4.400000,3.600000,1.250000,0,.000000,.000000
4.500000,3.600000,1.250000,1,.3817035E-09,.2544522E-03
4.600000,3.600000,1.250000,1,.3817035E-09,.2544522E-03
4.700000,3.600000,1.250000,0,.000000,.000000
4.800000,3.600000,1.250000,1,.5964117E-08,.3968179E-02
4.900000,3.600000,1.250000,27,.7918685E-06,.4101650
5.000000,3.600000,1.250000,2664,.2316025E-04,.9999998
5.100000,3.600000,1.250000,837,.4557871E-05,.9520972
5.200000,3.600000,1.250000,0,.000000,.000000
5.300000,3.600000,1.250000,1,.3817035E-09,.2544522E-03
5.400000,3.600000,1.250000,0,.000000,.000000
5.500000,3.600000,1.250000,3,.2078687E-09,.1385808E-03
5.600000,3.600000,1.250000,8,.3528401E-08,.2349496E-02
5.700000,3.600000,1.250000,2,.2985757E-08,.1988530E-02
5.800000,3.600000,1.250000,3,.3595705E-09,.2396703E-03
5.900000,3.600000,1.250000,1,.3817035E-12,.2384186E-06
6.000000,3.600000,1.250000,0,.000000,.000000
6.100000,3.600000,1.250000,0,.000000,.000000
6.200000,3.600000,1.250000,0,.000000,.000000
6.300000,3.600000,1.250000,0,.000000,.000000
6.400000,3.600000,1.250000,0,.000000,.000000
6.500000,3.600000,1.250000,0,.000000,.000000
6.600000,3.600000,1.250000,0,.000000,.000000
6.700000,3.600000,1.250000,0,.000000,.000000
6.800000,3.600000,1.250000,0,.000000,.000000
6.900000,3.600000,1.250000,0,.000000,.000000
7.000000,3.600000,1.250000,0,.000000,.000000
7.100000,3.600000,1.250000,0,.000000,.000000
7.200000,3.600000,1.250000,0,.000000,.000000
7.300000,3.600000,1.250000,0,.000000,.000000
7.400000,3.600000,1.250000,0,.000000,.000000
7.500000,3.600000,1.250000,0,.000000,.000000
7.600000,3.600000,1.250000,0,.000000,.000000
7.700000,3.600000,1.250000,0,.000000,.000000
7.800000,3.600000,1.250000,0,.000000,.000000
7.900000,3.600000,1.250000,0,.000000,.000000
8.000000,3.600000,1.250000,0,.000000,.000000
8.100000,3.600000,1.250000,0,.000000,.000000
8.200000,3.600000,1.250000,0,.000000,.000000
8.300000,3.600000,1.250000,0,.000000,.000000
8.400000,3.600000,1.250000,0,.000000,.000000
.000000,3.700000,1.250000,0,.000000,.000000
.1000000,3.700000,1.250000,0,.000000,.000000
.2000000,3.700000,1.250000,0,.000000,.000000
.3000000,3.700000,1.250000,0,.000000,.000000
.4000000,3.700000,1.250000,0,.000000,.000000
.5000000,3.700000,1.250000,0,.000000,.000000
.6000000,3.700000,1.250000,0,.000000,.000000
.7000000,3.700000,1.250000,0,.000000,.000000
.8000000,3.700000,1.250000,0,.000000,.000000
.9000000,3.700000,1.250000,0,.000000,.000000
1.000000,3.700000,1.250000,0,.000000,.000000
1.100000,3.700000,1.250000,0,.000000,.000000
1.200000,3.700000,1.250000,0,.000000,.000000
1.300000,3.700000,1.250000,0,.000000,.000000
1.400000,3.700000,1.250000,0,.000000,.000000
1.500000,3.700000,1.250000,0,.000000,.000000
1.600000,3.700000,1.250000,0,.000000,.000000
1.700000,3.700000,1.250000,0,.000000,.000000
1.800000,3.700000,1.250000,0,.000000,.000000
1.900000,3.700000,1.250000,0,.000000,.000000
2.000000,3.700000,1.250000,0,.000000,.000000
2.100000,3.700000,1.250000,0,.000000,.000000
2.200000,3.700000,1.250000,0,.000000,.000000
2.300000,3.700000,1.250000,0,.000000,.000000
2.400000,3.700000,1.250000,0,.000000,.000000
2.500000,3.700000,1.250000,0,.000000,.000000
2.600000,3.700000,1.250000,0,.000000,.000000
2.700000,3.700000,1.250000,0,.000000,.000000
2.800000,3.700000,1.250000,0,.000000,.000000
2.900000,3.700000,1.250000,0,.000000,.000000
3.000000,3.700000,1.250000,0,.000000,.000000
3.100000,3.700000,1.250000,0,.000000,.000000
3.200000,3.700000,1.250000,0,.000000,.000000
3.300000,3.700000,1.250000,0,.000000,.000000
3.400000,3.700000,1.250000,0,.000000,.000000
3.500000,3.700000,1.250000,0,.000000,.000000
3.600000,3.700000,1.250000,0,.000000,.000000
3.700000,3.700000,1.250000,0,.000000,.000000
3.800000,3.700000,1.250000,0,.000000,.000000
3.900000,3.700000,1.250000,0,.000000,.000000
4.000000,3.700000,1.250000,0,.000000,.000000
4.100000,3.700000,1.250000,0,.000000,.000000
4.200000,3.700000,1.250000,0,.000000,.000000
4.300000,3.700000,1.250000,0,.000000,.000000
4.400000,3.700000,1.250000,0,.000000,.000000
4.500000,3.700000,1.250000,0,.000000,.000000
4.600000,3.700000,1.250000,0,.000000,.000000
4.700000,3.700000,1.250000,0,.000000,.000000
4.800000,3.700000,1.250000,3,.6525415E-08,.4340827E-02
4.900000,3.700000,1.250000,53,.1315725E-05,.5840333
5.000000,3.700000,1.250000,3892,.1285477E-03,1.000000
5.100000,3.700000,1.250000,1245,.8543593E-05,.9966397
5.200000,3.700000,1.250000,0,.000000,.000000
5.300000,3.700000,1.250000,0,.000000,.000000
5.400000,3.700000,1.250000,0,.000000,.000000
5.500000,3.700000,1.250000,17,.1332401E-07,.8843362E-02
5.600000,3.700000,1.250000,18,.5523171E-08,.3675342E-02
5.700000,3.700000,1.250000,1,.2806162E-08,.1869023E-02
5.800000,3.700000,1.250000,1,.1795944E-09,.1197457E-03
5.900000,3.700000,1.250000,0,.000000,.000000
6.000000,3.700000,1.250000,0,.000000,.000000
6.100000,3.700000,1.250000,0,.000000,.000000
6.200000,3.700000,1.250000,0,.000000,.000000
6.300000,3.700000,1.250000,0,.000000,.000000
6.400000,3.700000,1.250000,0,.000000,.000000
6.500000,3.700000,1.250000,0,.000000,.000000
6.600000,3.700000,1.250000,0,.000000,.000000
6.700000,3.700000,1.250000,0,.000000,.000000
6.800000,3.700000,1.250000,0,.000000,.000000
6.900000,3.700000,1.250000,0,.000000,.000000
7.000000,3.700000,1.250000,0,.000000,.000000
7.100000,3.700000,1.250000,0,.000000,.000000
7.200000,3.700000,1.250000,0,.000000,.000000
7.300000,3.700000,1.250000,0,.000000,.000000
7.400000,3.700000,1.250000,0,.000000,.000000
7.500000,3.700000,1.250000,0,.000000,.000000
7.600000,3.700000,1.250000,0,.000000,.000000
7.700000,3.700000,1.250000,0,.000000,.000000
7.800000,3.700000,1.250000,0,.000000,.000000
7.900000,3.700000,1.250000,0,.000000,.000000
8.000000,3.700000,1.250000,0,.000000,.000000
8.100000,3.700000,1.250000,0,.000000,.000000
8.200000,3.700000,1.250000,0,.000000,.000000
8.300000,3.700000,1.250000,0,.000000,.000000
8.400000,3.700000,1.250000,0,.000000,.000000
.000000,3.800000,1.250000,0,.000000,.000000
.1000000,3.800000,1.250000,0,.000000,.000000
.2000000,3.800000,1.250000,0,.000000,.000000
.3000000,3.800000,1.250000,0,.000000,.000000
.4000000,3.800000,1.250000,0,.000000,.000000
.5000000,3.800000,1.250000,0,.000000,.000000
.6000000,3.800000,1.250000,0,.000000,.000000
.7000000,3.800000,1.250000,0,.000000,.000000
.8000000,3.800000,1.250000,0,.000000,.000000
.9000000,3.800000,1.250000,0,.000000,.000000
1.000000,3.800000,1.250000,0,.000000,.000000
1.100000,3.800000,1.250000,0,.000000,.000000
1.200000,3.800000,1.250000,0,.000000,.000000
1.300000,3.800000,1.250000,0,.000000,.000000
1.400000,3.800000,1.250000,0,.000000,.000000
1.500000,3.800000,1.250000,0,.000000,.000000
1.600000,3.800000,1.250000,0,.000000,.000000
1.700000,3.800000,1.250000,0,.000000,.000000
1.800000,3.800000,1.250000,0,.000000,.000000
1.900000,3.800000,1.250000,0,.000000,.000000
2.000000,3.800000,1.250000,0,.000000,.000000
2.100000,3.800000,1.250000,0,.000000,.000000
2.200000,3.800000,1.250000,0,.000000,.000000
2.300000,3.800000,1.250000,0,.000000,.000000
2.400000,3.800000,1.250000,0,.000000,.000000
2.500000,3.800000,1.250000,0,.000000,.000000
2.600000,3.800000,1.250000,0,.000000,.000000
2.700000,3.800000,1.250000,0,.000000,.000000
2.800000,3.800000,1.250000,0,.000000,.000000
2.900000,3.800000,1.250000,0,.000000,.000000
3.000000,3.800000,1.250000,0,.000000,.000000
3.100000,3.800000,1.250000,0,.000000,.000000
3.200000,3.800000,1.250000,0,.000000,.000000
3.300000,3.800000,1.250000,0,.000000,.000000
3.400000,3.800000,1.250000,0,.000000,.000000
3.500000,3.800000,1.250000,0,.000000,.000000
3.600000,3.800000,1.250000,0,.000000,.000000
3.700000,3.800000,1.250000,0,.000000,.000000
3.800000,3.800000,1.250000,0,.000000,.000000
3.900000,3.800000,1.250000,0,.000000,.000000
4.000000,3.800000,1.250000,0,.000000,.000000
4.100000,3.800000,1.250000,0,.000000,.000000
4.200000,3.800000,1.250000,0,.000000,.000000
4.300000,3.800000,1.250000,0,.000000,.000000
4.400000,3.800000,1.250000,0,.000000,.000000
4.500000,3.800000,1.250000,0,.000000,.000000
4.600000,3.800000,1.250000,0,.000000,.000000
4.700000,3.800000,1.250000,0,.000000,.000000
4.800000,3.800000,1.250000,7,.1202857E-07,.7986963E-02
4.900000,3.800000,1.250000,70,.1962288E-05,.7296916
5.000000,3.800000,1.250000,3513,.2583514E-02,1.000000
5.100000,3.800000,1.250000,979,.1157049E-03,1.000000
5.200000,3.800000,1.250000,0,.000000,.000000
5.300000,3.800000,1.250000,0,.000000,.000000
5.400000,3.800000,1.250000,0,.000000,.000000
5.500000,3.800000,1.250000,7,.1149555E-07,.7634401E-02
5.600000,3.800000,1.250000,5,.3900811E-09,.2599955E-03
5.700000,3.800000,1.250000,0,.000000,.000000
5.800000,3.800000,1.250000,0,.000000,.000000
5.900000,3.800000,1.250000,0,.000000,.000000
6.000000,3.800000,1.250000,0,.000000,.000000
6.100000,3.800000,1.250000,0,.000000,.000000
6.200000,3.800000,1.250000,0,.000000,.000000
6.300000,3.800000,1.250000,0,.000000,.000000
6.400000,3.800000,1.250000,0,.000000,.000000
6.500000,3.800000,1.250000,0,.000000,.000000
6.600000,3.800000,1.250000,0,.000000,.000000
6.700000,3.800000,1.250000,0,.000000,.000000
6.800000,3.800000,1.250000,0,.000000,.000000
6.900000,3.800000,1.250000,0,.000000,.000000
7.000000,3.800000,1.250000,0,.000000,.000000
7.100000,3.800000,1.250000,0,.000000,.000000
7.200000,3.800000,1.250000,0,.000000,.000000
7.300000,3.800000,1.250000,0,.000000,.000000
7.400000,3.800000,1.250000,0,.000000,.000000
7.500000,3.800000,1.250000,0,.000000,.000000
7.600000,3.800000,1.250000,0,.000000,.000000
7.700000,3.800000,1.250000,0,.000000,.000000
7.800000,3.800000,1.250000,0,.000000,.000000
7.900000,3.800000,1.250000,0,.000000,.000000
8.000000,3.800000,1.250000,0,.000000,.000000
8.100000,3.800000,1.250000,0,.000000,.000000
8.200000,3.800000,1.250000,0,.000000,.000000
8.300000,3.800000,1.250000,0,.000000,.000000
8.400000,3.800000,1.250000,0,.000000,.000000
.000000,3.900000,1.250000,0,.000000,.000000
.1000000,3.900000,1.250000,0,.000000,.000000
.2000000,3.900000,1.250000,0,.000000,.000000
.3000000,3.900000,1.250000,0,.000000,.000000
.4000000,3.900000,1.250000,0,.000000,.000000
.5000000,3.900000,1.250000,0,.000000,.000000
.6000000,3.900000,1.250000,0,.000000,.000000
.7000000,3.900000,1.250000,0,.000000,.000000
.8000000,3.900000,1.250000,0,.000000,.000000
.9000000,3.900000,1.250000,0,.000000,.000000
1.000000,3.900000,1.250000,0,.000000,.000000
1.100000,3.900000,1.250000,0,.000000,.000000
1.200000,3.900000,1.250000,0,.000000,.000000
1.300000,3.900000,1.250000,0,.000000,.000000
1.400000,3.900000,1.250000,0,.000000,.000000
1.500000,3.900000,1.250000,0,.000000,.000000
1.600000,3.900000,1.250000,0,.000000,.000000
1.700000,3.900000,1.250000,0,.000000,.000000
1.800000,3.900000,1.250000,0,.000000,.000000
1.900000,3.900000,1.250000,0,.000000,.000000
2.000000,3.900000,1.250000,0,.000000,.000000
2.100000,3.900000,1.250000,0,.000000,.000000
2.200000,3.900000,1.250000,0,.000000,.000000
2.300000,3.900000,1.250000,0,.000000,.000000
2.400000,3.900000,1.250000,0,.000000,.000000
2.500000,3.900000,1.250000,0,.000000,.000000
2.600000,3.900000,1.250000,0,.000000,.000000
2.700000,3.900000,1.250000,0,.000000,.000000
2.800000,3.900000,1.250000,0,.000000,.000000
2.900000,3.900000,1.250000,0,.000000,.000000
3.000000,3.900000,1.250000,0,.000000,.000000
3.100000,3.900000,1.250000,0,.000000,.000000
3.200000,3.900000,1.250000,0,.000000,.000000
3.300000,3.900000,1.250000,0,.000000,.000000
3.400000,3.900000,1.250000,0,.000000,.000000
3.500000,3.900000,1.250000,0,.000000,.000000
3.600000,3.900000,1.250000,0,.000000,.000000
3.700000,3.900000,1.250000,0,.000000,.000000
3.800000,3.900000,1.250000,0,.000000,.000000
3.900000,3.900000,1.250000,0,.000000,.000000
4.000000,3.900000,1.250000,0,.000000,.000000
4.100000,3.900000,1.250000,0,.000000,.000000
4.200000,3.900000,1.250000,0,.000000,.000000
4.300000,3.900000,1.250000,0,.000000,.000000
4.400000,3.900000,1.250000,0,.000000,.000000
4.500000,3.900000,1.250000,0,.000000,.000000
4.600000,3.900000,1.250000,0,.000000,.000000
4.700000,3.900000,1.250000,0,.000000,.000000
4.800000,3.900000,1.250000,1,.1795944E-09,.1197457E-03
4.900000,3.900000,1.250000,348,.1863142E-06,.1168051
5.000000,3.900000,1.250000,5835,.3160787E-02,1.000000
5.100000,3.900000,1.250000,2697,.6537696E-04,1.000000
5.200000,3.900000,1.250000,0,.000000,.000000
5.300000,3.900000,1.250000,2,.5612979E-09,.3741384E-03
5.400000,3.900000,1.250000,2,.5612979E-09,.3741384E-03
5.500000,3.900000,1.250000,1,.6544985E-10,.4363060E-04
5.600000,3.900000,1.250000,1,.6544985E-10,.4363060E-04
5.700000,3.900000,1.250000,0,.000000,.000000
5.800000,3.900000,1.250000,0,.000000,.000000
5.900000,3.900000,1.250000,0,.000000,.000000
6.000000,3.900000,1.250000,0,.000000,.000000
6.100000,3.900000,1.250000,0,.000000,.000000
6.200000,3.900000,1.250000,0,.000000,.000000
6.300000,3.900000,1.250000,0,.000000,.000000
6.400000,3.900000,1.250000,0,.000000,.000000
6.500000,3.900000,1.250000,0,.000000,.000000
6.600000,3.900000,1.250000,0,.000000,.000000
6.700000,3.900000,1.250000,0,.000000,.000000
6.800000,3.900000,1.250000,0,.000000,.000000
6.900000,3.900000,1.250000,0,.000000,.000000
7.000000,3.900000,1.250000,0,.000000,.000000
7.100000,3.900000,1.250000,0,.000000,.000000
7.200000,3.900000,1.250000,0,.000000,.000000
7.300000,3.900000,1.250000,0,.000000,.000000
7.400000,3.900000,1.250000,0,.000000,.000000
7.500000,3.900000,1.250000,0,.000000,.000000
7.600000,3.900000,1.250000,0,.000000,.000000
7.700000,3.900000,1.250000,0,.000000,.000000
7.800000,3.900000,1.250000,0,.000000,.000000
7.900000,3.900000,1.250000,0,.000000,.000000
8.000000,3.900000,1.250000,0,.000000,.000000
8.100000,3.900000,1.250000,0,.000000,.000000
8.200000,3.900000,1.250000,0,.000000,.000000
8.300000,3.900000,1.250000,0,.000000,.000000
8.400000,3.900000,1.250000,0,.000000,.000000
.000000,4.000000,1.250000,0,.000000,.000000
.1000000,4.000000,1.250000,0,.000000,.000000
.2000000,4.000000,1.250000,0,.000000,.000000
.3000000,4.000000,1.250000,0,.000000,.000000
.4000000,4.000000,1.250000,0,.000000,.000000
.5000000,4.000000,1.250000,0,.000000,.000000
.6000000,4.000000,1.250000,0,.000000,.000000
.7000000,4.000000,1.250000,0,.000000,.000000
.8000000,4.000000,1.250000,0,.000000,.000000
.9000000,4.000000,1.250000,0,.000000,.000000
1.000000,4.000000,1.250000,0,.000000,.000000
1.100000,4.000000,1.250000,0,.000000,.000000
1.200000,4.000000,1.250000,0,.000000,.000000
1.300000,4.000000,1.250000,0,.000000,.000000
1.400000,4.000000,1.250000,0,.000000,.000000
1.500000,4.000000,1.250000,0,.000000,.000000
1.600000,4.000000,1.250000,0,.000000,.000000
1.700000,4.000000,1.250000,0,.000000,.000000
1.800000,4.000000,1.250000,0,.000000,.000000
1.900000,4.000000,1.250000,0,.000000,.000000
2.000000,4.000000,1.250000,0,.000000,.000000
2.100000,4.000000,1.250000,0,.000000,.000000
2.200000,4.000000,1.250000,0,.000000,.000000
2.300000,4.000000,1.250000,0,.000000,.000000
2.400000,4.000000,1.250000,0,.000000,.000000
2.500000,4.000000,1.250000,0,.000000,.000000
2.600000,4.000000,1.250000,0,.000000,.000000
2.700000,4.000000,1.250000,0,.000000,.000000
2.800000,4.000000,1.250000,0,.000000,.000000
2.900000,4.000000,1.250000,0,.000000,.000000
3.000000,4.000000,1.250000,0,.000000,.000000
3.100000,4.000000,1.250000,0,.000000,.000000
3.200000,4.000000,1.250000,0,.000000,.000000
3.300000,4.000000,1.250000,0,.000000,.000000
3.400000,4.000000,1.250000,0,.000000,.000000
3.500000,4.000000,1.250000,0,.000000,.000000
3.600000,4.000000,1.250000,0,.000000,.000000
3.700000,4.000000,1.250000,0,.000000,.000000
3.800000,4.000000,1.250000,0,.000000,.000000
3.900000,4.000000,1.250000,0,.000000,.000000
4.000000,4.000000,1.250000,0,.000000,.000000
4.100000,4.000000,1.250000,0,.000000,.000000
4.200000,4.000000,1.250000,0,.000000,.000000
4.300000,4.000000,1.250000,0,.000000,.000000
4.400000,4.000000,1.250000,0,.000000,.000000
4.500000,4.000000,1.250000,0,.000000,.000000
4.600000,4.000000,1.250000,0,.000000,.000000
4.700000,4.000000,1.250000,0,.000000,.000000
4.800000,4.000000,1.250000,0,.000000,.000000
4.900000,4.000000,1.250000,18,.2805889E-08,.1868844E-02
5.000000,4.000000,1.250000,587,.8742291E-02,1.000000
5.100000,4.000000,1.250000,0,.000000,.000000
5.200000,4.000000,1.250000,0,.000000,.000000
5.300000,4.000000,1.250000,1,.3817035E-09,.2544522E-03
5.400000,4.000000,1.250000,0,.000000,.000000
5.500000,4.000000,1.250000,0,.000000,.000000
5.600000,4.000000,1.250000,0,.000000,.000000
5.700000,4.000000,1.250000,0,.000000,.000000
5.800000,4.000000,1.250000,0,.000000,.000000
5.900000,4.000000,1.250000,0,.000000,.000000
6.000000,4.000000,1.250000,0,.000000,.000000
6.100000,4.000000,1.250000,0,.000000,.000000
6.200000,4.000000,1.250000,0,.000000,.000000
6.300000,4.000000,1.250000,0,.000000,.000000
6.400000,4.000000,1.250000,0,.000000,.000000
6.500000,4.000000,1.250000,0,.000000,.000000
6.600000,4.000000,1.250000,0,.000000,.000000
6.700000,4.000000,1.250000,0,.000000,.000000
6.800000,4.000000,1.250000,0,.000000,.000000
6.900000,4.000000,1.250000,0,.000000,.000000
7.000000,4.000000,1.250000,0,.000000,.000000
7.100000,4.000000,1.250000,0,.000000,.000000
7.200000,4.000000,1.250000,0,.000000,.000000
7.300000,4.000000,1.250000,0,.000000,.000000
7.400000,4.000000,1.250000,0,.000000,.000000
7.500000,4.000000,1.250000,0,.000000,.000000
7.600000,4.000000,1.250000,0,.000000,.000000
7.700000,4.000000,1.250000,0,.000000,.000000
7.800000,4.000000,1.250000,0,.000000,.000000
7.900000,4.000000,1.250000,0,.000000,.000000
8.000000,4.000000,1.250000,0,.000000,.000000
8.100000,4.000000,1.250000,0,.000000,.000000
8.200000,4.000000,1.250000,0,.000000,.000000
8.300000,4.000000,1.250000,0,.000000,.000000
8.400000,4.000000,1.250000,0,.000000,.000000
.000000,4.100000,1.250000,0,.000000,.000000
.1000000,4.100000,1.250000,0,.000000,.000000
.2000000,4.100000,1.250000,0,.000000,.000000
.3000000,4.100000,1.250000,0,.000000,.000000
.4000000,4.100000,1.250000,0,.000000,.000000
.5000000,4.100000,1.250000,0,.000000,.000000
.6000000,4.100000,1.250000,0,.000000,.000000
.7000000,4.100000,1.250000,0,.000000,.000000
.8000000,4.100000,1.250000,0,.000000,.000000
.9000000,4.100000,1.250000,0,.000000,.000000
1.000000,4.100000,1.250000,0,.000000,.000000
1.100000,4.100000,1.250000,0,.000000,.000000
1.200000,4.100000,1.250000,0,.000000,.000000
1.300000,4.100000,1.250000,0,.000000,.000000
1.400000,4.100000,1.250000,0,.000000,.000000
1.500000,4.100000,1.250000,0,.000000,.000000
1.600000,4.100000,1.250000,0,.000000,.000000
1.700000,4.100000,1.250000,0,.000000,.000000
1.800000,4.100000,1.250000,0,.000000,.000000
1.900000,4.100000,1.250000,0,.000000,.000000
2.000000,4.100000,1.250000,0,.000000,.000000
2.100000,4.100000,1.250000,0,.000000,.000000
2.200000,4.100000,1.250000,0,.000000,.000000
2.300000,4.100000,1.250000,0,.000000,.000000
2.400000,4.100000,1.250000,0,.000000,.000000
2.500000,4.100000,1.250000,0,.000000,.000000
2.600000,4.100000,1.250000,0,.000000,.000000
2.700000,4.100000,1.250000,0,.000000,.000000
2.800000,4.100000,1.250000,0,.000000,.000000
2.900000,4.100000,1.250000,0,.000000,.000000
3.000000,4.100000,1.250000,0,.000000,.000000
3.100000,4.100000,1.250000,0,.000000,.000000
3.200000,4.100000,1.250000,0,.000000,.000000
3.300000,4.100000,1.250000,0,.000000,.000000
3.400000,4.100000,1.250000,0,.000000,.000000
3.500000,4.100000,1.250000,0,.000000,.000000
3.600000,4.100000,1.250000,0,.000000,.000000
3.700000,4.100000,1.250000,0,.000000,.000000
3.800000,4.100000,1.250000,0,.000000,.000000
3.900000,4.100000,1.250000,0,.000000,.000000
4.000000,4.100000,1.250000,0,.000000,.000000
4.100000,4.100000,1.250000,0,.000000,.000000
4.200000,4.100000,1.250000,0,.000000,.000000
4.300000,4.100000,1.250000,0,.000000,.000000
4.400000,4.100000,1.250000,0,.000000,.000000
4.500000,4.100000,1.250000,0,.000000,.000000
4.600000,4.100000,1.250000,0,.000000,.000000
4.700000,4.100000,1.250000,0,.000000,.000000
4.800000,4.100000,1.250000,0,.000000,.000000
4.900000,4.100000,1.250000,0,.000000,.000000
5.000000,4.100000,1.250000,84,.1713370E-01,1.000000
5.100000,4.100000,1.250000,27,.6538047E-04,1.000000
5.200000,4.100000,1.250000,1,.3817035E-09,.2544522E-03
5.300000,4.100000,1.250000,5,.1166853E-07,.7748842E-02
5.400000,4.100000,1.250000,0,.000000,.000000
5.500000,4.100000,1.250000,0,.000000,.000000
5.600000,4.100000,1.250000,0,.000000,.000000
5.700000,4.100000,1.250000,0,.000000,.000000
5.800000,4.100000,1.250000,0,.000000,.000000
5.900000,4.100000,1.250000,0,.000000,.000000
6.000000,4.100000,1.250000,0,.000000,.000000
6.100000,4.100000,1.250000,0,.000000,.000000
6.200000,4.100000,1.250000,0,.000000,.000000
6.300000,4.100000,1.250000,0,.000000,.000000
6.400000,4.100000,1.250000,0,.000000,.000000
6.500000,4.100000,1.250000,0,.000000,.000000
6.600000,4.100000,1.250000,0,.000000,.000000
6.700000,4.100000,1.250000,0,.000000,.000000
6.800000,4.100000,1.250000,0,.000000,.000000
6.900000,4.100000,1.250000,0,.000000,.000000
7.000000,4.100000,1.250000,0,.000000,.000000
7.100000,4.100000,1.250000,0,.000000,.000000
7.200000,4.100000,1.250000,0,.000000,.000000
7.300000,4.100000,1.250000,0,.000000,.000000
7.400000,4.100000,1.250000,0,.000000,.000000
7.500000,4.100000,1.250000,0,.000000,.000000
7.600000,4.100000,1.250000,0,.000000,.000000
7.700000,4.100000,1.250000,0,.000000,.000000
7.800000,4.100000,1.250000,0,.000000,.000000
7.900000,4.100000,1.250000,0,.000000,.000000
8.000000,4.100000,1.250000,0,.000000,.000000
8.100000,4.100000,1.250000,0,.000000,.000000
8.200000,4.100000,1.250000,0,.000000,.000000
8.300000,4.100000,1.250000,0,.000000,.000000
8.400000,4.100000,1.250000,0,.000000,.000000
.000000,4.200000,1.250000,0,.000000,.000000
.1000000,4.200000,1.250000,0,.000000,.000000
.2000000,4.200000,1.250000,0,.000000,.000000
.3000000,4.200000,1.250000,0,.000000,.000000
.4000000,4.200000,1.250000,0,.000000,.000000
.5000000,4.200000,1.250000,0,.000000,.000000
.6000000,4.200000,1.250000,0,.000000,.000000
.7000000,4.200000,1.250000,0,.000000,.000000
.8000000,4.200000,1.250000,0,.000000,.000000
.9000000,4.200000,1.250000,0,.000000,.000000
1.000000,4.200000,1.250000,0,.000000,.000000
1.100000,4.200000,1.250000,0,.000000,.000000
1.200000,4.200000,1.250000,0,.000000,.000000
1.300000,4.200000,1.250000,0,.000000,.000000
1.400000,4.200000,1.250000,0,.000000,.000000
1.500000,4.200000,1.250000,0,.000000,.000000
1.600000,4.200000,1.250000,0,.000000,.000000
1.700000,4.200000,1.250000,0,.000000,.000000
1.800000,4.200000,1.250000,0,.000000,.000000
1.900000,4.200000,1.250000,0,.000000,.000000
2.000000,4.200000,1.250000,0,.000000,.000000
2.100000,4.200000,1.250000,0,.000000,.000000
2.200000,4.200000,1.250000,0,.000000,.000000
2.300000,4.200000,1.250000,0,.000000,.000000
2.400000,4.200000,1.250000,0,.000000,.000000
2.500000,4.200000,1.250000,0,.000000,.000000
2.600000,4.200000,1.250000,0,.000000,.000000
2.700000,4.200000,1.250000,0,.000000,.000000
2.800000,4.200000,1.250000,0,.000000,.000000
2.900000,4.200000,1.250000,0,.000000,.000000
3.000000,4.200000,1.250000,0,.000000,.000000
3.100000,4.200000,1.250000,0,.000000,.000000
3.200000,4.200000,1.250000,0,.000000,.000000
3.300000,4.200000,1.250000,0,.000000,.000000
3.400000,4.200000,1.250000,0,.000000,.000000
3.500000,4.200000,1.250000,0,.000000,.000000
3.600000,4.200000,1.250000,0,.000000,.000000
3.700000,4.200000,1.250000,0,.000000,.000000
3.800000,4.200000,1.250000,0,.000000,.000000
3.900000,4.200000,1.250000,0,.000000,.000000
4.000000,4.200000,1.250000,0,.000000,.000000
4.100000,4.200000,1.250000,0,.000000,.000000
4.200000,4.200000,1.250000,0,.000000,.000000
4.300000,4.200000,1.250000,0,.000000,.000000
4.400000,4.200000,1.250000,0,.000000,.000000
4.500000,4.200000,1.250000,0,.000000,.000000
4.600000,4.200000,1.250000,0,.000000,.000000
4.700000,4.200000,1.250000,0,.000000,.000000
4.800000,4.200000,1.250000,0,.000000,.000000
4.900000,4.200000,1.250000,0,.000000,.000000
5.000000,4.200000,1.250000,10000,.3574652E-01,1.000000
5.100000,4.200000,1.250000,21,.3819031E-06,.2247751
5.200000,4.200000,1.250000,1,.5964117E-08,.3968179E-02
5.300000,4.200000,1.250000,0,.000000,.000000
5.400000,4.200000,1.250000,0,.000000,.000000
5.500000,4.200000,1.250000,0,.000000,.000000
5.600000,4.200000,1.250000,0,.000000,.000000
5.700000,4.200000,1.250000,0,.000000,.000000
5.800000,4.200000,1.250000,0,.000000,.000000
5.900000,4.200000,1.250000,0,.000000,.000000
6.000000,4.200000,1.250000,0,.000000,.000000
6.100000,4.200000,1.250000,0,.000000,.000000
6.200000,4.200000,1.250000,0,.000000,.000000
6.300000,4.200000,1.250000,0,.000000,.000000
6.400000,4.200000,1.250000,0,.000000,.000000
6.500000,4.200000,1.250000,0,.000000,.000000
6.600000,4.200000,1.250000,0,.000000,.000000
6.700000,4.200000,1.250000,0,.000000,.000000
6.800000,4.200000,1.250000,0,.000000,.000000
6.900000,4.200000,1.250000,0,.000000,.000000
7.000000,4.200000,1.250000,0,.000000,.000000
7.100000,4.200000,1.250000,0,.000000,.000000
7.200000,4.200000,1.250000,0,.000000,.000000
7.300000,4.200000,1.250000,0,.000000,.000000
7.400000,4.200000,1.250000,0,.000000,.000000
7.500000,4.200000,1.250000,0,.000000,.000000
7.600000,4.200000,1.250000,0,.000000,.000000
7.700000,4.200000,1.250000,0,.000000,.000000
7.800000,4.200000,1.250000,0,.000000,.000000
7.900000,4.200000,1.250000,0,.000000,.000000
8.000000,4.200000,1.250000,0,.000000,.000000
8.100000,4.200000,1.250000,0,.000000,.000000
8.200000,4.200000,1.250000,0,.000000,.000000
8.300000,4.200000,1.250000,0,.000000,.000000
8.400000,4.200000,1.250000,0,.000000,.000000
.000000,4.300000,1.250000,0,.000000,.000000
.1000000,4.300000,1.250000,0,.000000,.000000
.2000000,4.300000,1.250000,0,.000000,.000000
.3000000,4.300000,1.250000,0,.000000,.000000
.4000000,4.300000,1.250000,0,.000000,.000000
.5000000,4.300000,1.250000,0,.000000,.000000
.6000000,4.300000,1.250000,0,.000000,.000000
.7000000,4.300000,1.250000,0,.000000,.000000
.8000000,4.300000,1.250000,0,.000000,.000000
.9000000,4.300000,1.250000,0,.000000,.000000
1.000000,4.300000,1.250000,0,.000000,.000000
1.100000,4.300000,1.250000,0,.000000,.000000
1.200000,4.300000,1.250000,0,.000000,.000000
1.300000,4.300000,1.250000,0,.000000,.000000
1.400000,4.300000,1.250000,0,.000000,.000000
1.500000,4.300000,1.250000,0,.000000,.000000
1.600000,4.300000,1.250000,0,.000000,.000000
1.700000,4.300000,1.250000,0,.000000,.000000
1.800000,4.300000,1.250000,0,.000000,.000000
1.900000,4.300000,1.250000,0,.000000,.000000
2.000000,4.300000,1.250000,0,.000000,.000000
2.100000,4.300000,1.250000,0,.000000,.000000
2.200000,4.300000,1.250000,0,.000000,.000000
2.300000,4.300000,1.250000,0,.000000,.000000
2.400000,4.300000,1.250000,0,.000000,.000000
2.500000,4.300000,1.250000,0,.000000,.000000
2.600000,4.300000,1.250000,0,.000000,.000000
2.700000,4.300000,1.250000,0,.000000,.000000
2.800000,4.300000,1.250000,0,.000000,.000000
2.900000,4.300000,1.250000,0,.000000,.000000
3.000000,4.300000,1.250000,0,.000000,.000000
3.100000,4.300000,1.250000,0,.000000,.000000
3.200000,4.300000,1.250000,0,.000000,.000000
3.300000,4.300000,1.250000,0,.000000,.000000
3.400000,4.300000,1.250000,0,.000000,.000000
3.500000,4.300000,1.250000,0,.000000,.000000
3.600000,4.300000,1.250000,0,.000000,.000000
3.700000,4.300000,1.250000,0,.000000,.000000
3.800000,4.300000,1.250000,0,.000000,.000000
3.900000,4.300000,1.250000,0,.000000,.000000
4.000000,4.300000,1.250000,0,.000000,.000000
4.100000,4.300000,1.250000,0,.000000,.000000
4.200000,4.300000,1.250000,0,.000000,.000000
4.300000,4.300000,1.250000,0,.000000,.000000
4.400000,4.300000,1.250000,0,.000000,.000000
4.500000,4.300000,1.250000,0,.000000,.000000
4.600000,4.300000,1.250000,0,.000000,.000000
4.700000,4.300000,1.250000,0,.000000,.000000
4.800000,4.300000,1.250000,0,.000000,.000000
4.900000,4.300000,1.250000,0,.000000,.000000
5.000000,4.300000,1.250000,0,.000000,.000000
5.100000,4.300000,1.250000,0,.000000,.000000
5.200000,4.300000,1.250000,0,.000000,.000000
5.300000,4.300000,1.250000,0,.000000,.000000
5.400000,4.300000,1.250000,0,.000000,.000000
5.500000,4.300000,1.250000,0,.000000,.000000
5.600000,4.300000,1.250000,0,.000000,.000000
5.700000,4.300000,1.250000,0,.000000,.000000
5.800000,4.300000,1.250000,0,.000000,.000000
5.900000,4.300000,1.250000,0,.000000,.000000
6.000000,4.300000,1.250000,0,.000000,.000000
6.100000,4.300000,1.250000,0,.000000,.000000
6.200000,4.300000,1.250000,0,.000000,.000000
6.300000,4.300000,1.250000,0,.000000,.000000
6.400000,4.300000,1.250000,0,.000000,.000000
6.500000,4.300000,1.250000,0,.000000,.000000
6.600000,4.300000,1.250000,0,.000000,.000000
6.700000,4.300000,1.250000,0,.000000,.000000
6.800000,4.300000,1.250000,0,.000000,.000000
6.900000,4.300000,1.250000,0,.000000,.000000
7.000000,4.300000,1.250000,0,.000000,.000000
7.100000,4.300000,1.250000,0,.000000,.000000
7.200000,4.300000,1.250000,0,.000000,.000000
7.300000,4.300000,1.250000,0,.000000,.000000
7.400000,4.300000,1.250000,0,.000000,.000000
7.500000,4.300000,1.250000,0,.000000,.000000
7.600000,4.300000,1.250000,0,.000000,.000000
7.700000,4.300000,1.250000,0,.000000,.000000
7.800000,4.300000,1.250000,0,.000000,.000000
7.900000,4.300000,1.250000,0,.000000,.000000
8.000000,4.300000,1.250000,0,.000000,.000000
8.100000,4.300000,1.250000,0,.000000,.000000
8.200000,4.300000,1.250000,0,.000000,.000000
8.300000,4.300000,1.250000,0,.000000,.000000
8.400000,4.300000,1.250000,0,.000000,.000000
.000000,4.400000,1.250000,0,.000000,.000000
.1000000,4.400000,1.250000,0,.000000,.000000
.2000000,4.400000,1.250000,0,.000000,.000000
.3000000,4.400000,1.250000,0,.000000,.000000
.4000000,4.400000,1.250000,0,.000000,.000000
.5000000,4.400000,1.250000,0,.000000,.000000
.6000000,4.400000,1.250000,0,.000000,.000000
.7000000,4.400000,1.250000,0,.000000,.000000
.8000000,4.400000,1.250000,0,.000000,.000000
.9000000,4.400000,1.250000,0,.000000,.000000
1.000000,4.400000,1.250000,0,.000000,.000000
1.100000,4.400000,1.250000,0,.000000,.000000
1.200000,4.400000,1.250000,0,.000000,.000000
1.300000,4.400000,1.250000,0,.000000,.000000
1.400000,4.400000,1.250000,0,.000000,.000000
1.500000,4.400000,1.250000,0,.000000,.000000
1.600000,4.400000,1.250000,0,.000000,.000000
1.700000,4.400000,1.250000,0,.000000,.000000
1.800000,4.400000,1.250000,0,.000000,.000000
1.900000,4.400000,1.250000,0,.000000,.000000
2.000000,4.400000,1.250000,0,.000000,.000000
2.100000,4.400000,1.250000,0,.000000,.000000
2.200000,4.400000,1.250000,0,.000000,.000000
2.300000,4.400000,1.250000,0,.000000,.000000
2.400000,4.400000,1.250000,0,.000000,.000000
2.500000,4.400000,1.250000,0,.000000,.000000
2.600000,4.400000,1.250000,0,.000000,.000000
2.700000,4.400000,1.250000,0,.000000,.000000
2.800000,4.400000,1.250000,0,.000000,.000000
2.900000,4.400000,1.250000,0,.000000,.000000
3.000000,4.400000,1.250000,0,.000000,.000000
3.100000,4.400000,1.250000,0,.000000,.000000
3.200000,4.400000,1.250000,0,.000000,.000000
3.300000,4.400000,1.250000,0,.000000,.000000
3.400000,4.400000,1.250000,0,.000000,.000000
3.500000,4.400000,1.250000,0,.000000,.000000
3.600000,4.400000,1.250000,0,.000000,.000000
3.700000,4.400000,1.250000,0,.000000,.000000
3.800000,4.400000,1.250000,0,.000000,.000000
3.900000,4.400000,1.250000,0,.000000,.000000
4.000000,4.400000,1.250000,0,.000000,.000000
4.100000,4.400000,1.250000,0,.000000,.000000
4.200000,4.400000,1.250000,0,.000000,.000000
4.300000,4.400000,1.250000,0,.000000,.000000
4.400000,4.400000,1.250000,0,.000000,.000000
4.500000,4.400000,1.250000,0,.000000,.000000
4.600000,4.400000,1.250000,0,.000000,.000000
4.700000,4.400000,1.250000,0,.000000,.000000
4.800000,4.400000,1.250000,0,.000000,.000000
4.900000,4.400000,1.250000,0,.000000,.000000
5.000000,4.400000,1.250000,0,.000000,.000000
5.100000,4.400000,1.250000,0,.000000,.000000
5.200000,4.400000,1.250000,0,.000000,.000000
5.300000,4.400000,1.250000,0,.000000,.000000
5.400000,4.400000,1.250000,0,.000000,.000000
5.500000,4.400000,1.250000,0,.000000,.000000
5.600000,4.400000,1.250000,0,.000000,.000000
5.700000,4.400000,1.250000,0,.000000,.000000
5.800000,4.400000,1.250000,0,.000000,.000000
5.900000,4.400000,1.250000,0,.000000,.000000
6.000000,4.400000,1.250000,0,.000000,.000000
6.100000,4.400000,1.250000,0,.000000,.000000
6.200000,4.400000,1.250000,0,.000000,.000000
6.300000,4.400000,1.250000,0,.000000,.000000
6.400000,4.400000,1.250000,0,.000000,.000000
6.500000,4.400000,1.250000,0,.000000,.000000
6.600000,4.400000,1.250000,0,.000000,.000000
6.700000,4.400000,1.250000,0,.000000,.000000
6.800000,4.400000,1.250000,0,.000000,.000000
6.900000,4.400000,1.250000,0,.000000,.000000
7.000000,4.400000,1.250000,0,.000000,.000000
7.100000,4.400000,1.250000,0,.000000,.000000
7.200000,4.400000,1.250000,0,.000000,.000000
7.300000,4.400000,1.250000,0,.000000,.000000
7.400000,4.400000,1.250000,0,.000000,.000000
7.500000,4.400000,1.250000,0,.000000,.000000
7.600000,4.400000,1.250000,0,.000000,.000000
7.700000,4.400000,1.250000,0,.000000,.000000
7.800000,4.400000,1.250000,0,.000000,.000000
7.900000,4.400000,1.250000,0,.000000,.000000
8.000000,4.400000,1.250000,0,.000000,.000000
8.100000,4.400000,1.250000,0,.000000,.000000
8.200000,4.400000,1.250000,0,.000000,.000000
8.300000,4.400000,1.250000,0,.000000,.000000
8.400000,4.400000,1.250000,0,.000000,.000000
.000000,4.500000,1.250000,0,.000000,.000000
.1000000,4.500000,1.250000,0,.000000,.000000
.2000000,4.500000,1.250000,0,.000000,.000000
.3000000,4.500000,1.250000,0,.000000,.000000
.4000000,4.500000,1.250000,0,.000000,.000000
.5000000,4.500000,1.250000,0,.000000,.000000
.6000000,4.500000,1.250000,0,.000000,.000000
.7000000,4.500000,1.250000,0,.000000,.000000
.8000000,4.500000,1.250000,0,.000000,.000000
.9000000,4.500000,1.250000,0,.000000,.000000
1.000000,4.500000,1.250000,0,.000000,.000000
1.100000,4.500000,1.250000,0,.000000,.000000
1.200000,4.500000,1.250000,0,.000000,.000000
1.300000,4.500000,1.250000,0,.000000,.000000
1.400000,4.500000,1.250000,0,.000000,.000000
1.500000,4.500000,1.250000,0,.000000,.000000
1.600000,4.500000,1.250000,0,.000000,.000000
1.700000,4.500000,1.250000,0,.000000,.000000
1.800000,4.500000,1.250000,0,.000000,.000000
1.900000,4.500000,1.250000,0,.000000,.000000
2.000000,4.500000,1.250000,0,.000000,.000000
2.100000,4.500000,1.250000,0,.000000,.000000
2.200000,4.500000,1.250000,0,.000000,.000000
2.300000,4.500000,1.250000,0,.000000,.000000
2.400000,4.500000,1.250000,0,.000000,.000000
2.500000,4.500000,1.250000,0,.000000,.000000
2.600000,4.500000,1.250000,0,.000000,.000000
2.700000,4.500000,1.250000,0,.000000,.000000
2.800000,4.500000,1.250000,0,.000000,.000000
2.900000,4.500000,1.250000,0,.000000,.000000
3.000000,4.500000,1.250000,0,.000000,.000000
3.100000,4.500000,1.250000,0,.000000,.000000
3.200000,4.500000,1.250000,0,.000000,.000000
3.300000,4.500000,1.250000,0,.000000,.000000
3.400000,4.500000,1.250000,0,.000000,.000000
3.500000,4.500000,1.250000,0,.000000,.000000
3.600000,4.500000,1.250000,0,.000000,.000000
3.700000,4.500000,1.250000,0,.000000,.000000
3.800000,4.500000,1.250000,0,.000000,.000000
3.900000,4.500000,1.250000,0,.000000,.000000
4.000000,4.500000,1.250000,0,.000000,.000000
4.100000,4.500000,1.250000,0,.000000,.000000
4.200000,4.500000,1.250000,0,.000000,.000000
4.300000,4.500000,1.250000,0,.000000,.000000
4.400000,4.500000,1.250000,0,.000000,.000000
4.500000,4.500000,1.250000,0,.000000,.000000
4.600000,4.500000,1.250000,0,.000000,.000000
4.700000,4.500000,1.250000,0,.000000,.000000
4.800000,4.500000,1.250000,0,.000000,.000000
4.900000,4.500000,1.250000,0,.000000,.000000
5.000000,4.500000,1.250000,0,.000000,.000000
5.100000,4.500000,1.250000,0,.000000,.000000
5.200000,4.500000,1.250000,0,.000000,.000000
5.300000,4.500000,1.250000,0,.000000,.000000
5.400000,4.500000,1.250000,0,.000000,.000000
5.500000,4.500000,1.250000,0,.000000,.000000
5.600000,4.500000,1.250000,0,.000000,.000000
5.700000,4.500000,1.250000,0,.000000,.000000
5.800000,4.500000,1.250000,0,.000000,.000000
5.900000,4.500000,1.250000,0,.000000,.000000
6.000000,4.500000,1.250000,0,.000000,.000000
6.100000,4.500000,1.250000,0,.000000,.000000
6.200000,4.500000,1.250000,0,.000000,.000000
6.300000,4.500000,1.250000,0,.000000,.000000
6.400000,4.500000,1.250000,0,.000000,.000000
6.500000,4.500000,1.250000,0,.000000,.000000
6.600000,4.500000,1.250000,0,.000000,.000000
6.700000,4.500000,1.250000,0,.000000,.000000
6.800000,4.500000,1.250000,0,.000000,.000000
6.900000,4.500000,1.250000,0,.000000,.000000
7.000000,4.500000,1.250000,0,.000000,.000000
7.100000,4.500000,1.250000,0,.000000,.000000
7.200000,4.500000,1.250000,0,.000000,.000000
7.300000,4.500000,1.250000,0,.000000,.000000
7.400000,4.500000,1.250000,0,.000000,.000000
7.500000,4.500000,1.250000,0,.000000,.000000
7.600000,4.500000,1.250000,0,.000000,.000000
7.700000,4.500000,1.250000,0,.000000,.000000
7.800000,4.500000,1.250000,0,.000000,.000000
7.900000,4.500000,1.250000,0,.000000,.000000
8.000000,4.500000,1.250000,0,.000000,.000000
8.100000,4.500000,1.250000,0,.000000,.000000
8.200000,4.500000,1.250000,0,.000000,.000000
8.300000,4.500000,1.250000,0,.000000,.000000
8.400000,4.500000,1.250000,0,.000000,.000000
.000000,4.600000,1.250000,0,.000000,.000000
.1000000,4.600000,1.250000,0,.000000,.000000
.2000000,4.600000,1.250000,0,.000000,.000000
.3000000,4.600000,1.250000,0,.000000,.000000
.4000000,4.600000,1.250000,0,.000000,.000000
.5000000,4.600000,1.250000,0,.000000,.000000
.6000000,4.600000,1.250000,0,.000000,.000000
.7000000,4.600000,1.250000,0,.000000,.000000
.8000000,4.600000,1.250000,0,.000000,.000000
.9000000,4.600000,1.250000,0,.000000,.000000
1.000000,4.600000,1.250000,0,.000000,.000000
1.100000,4.600000,1.250000,0,.000000,.000000
1.200000,4.600000,1.250000,0,.000000,.000000
1.300000,4.600000,1.250000,0,.000000,.000000
1.400000,4.600000,1.250000,0,.000000,.000000
1.500000,4.600000,1.250000,0,.000000,.000000
1.600000,4.600000,1.250000,0,.000000,.000000
1.700000,4.600000,1.250000,0,.000000,.000000
1.800000,4.600000,1.250000,0,.000000,.000000
1.900000,4.600000,1.250000,0,.000000,.000000
2.000000,4.600000,1.250000,0,.000000,.000000
2.100000,4.600000,1.250000,0,.000000,.000000
2.200000,4.600000,1.250000,0,.000000,.000000
2.300000,4.600000,1.250000,0,.000000,.000000
2.400000,4.600000,1.250000,0,.000000,.000000
2.500000,4.600000,1.250000,0,.000000,.000000
2.600000,4.600000,1.250000,0,.000000,.000000
2.700000,4.600000,1.250000,0,.000000,.000000
2.800000,4.600000,1.250000,0,.000000,.000000
2.900000,4.600000,1.250000,0,.000000,.000000
3.000000,4.600000,1.250000,0,.000000,.000000
3.100000,4.600000,1.250000,0,.000000,.000000
3.200000,4.600000,1.250000,0,.000000,.000000
3.300000,4.600000,1.250000,0,.000000,.000000
3.400000,4.600000,1.250000,0,.000000,.000000
3.500000,4.600000,1.250000,0,.000000,.000000
3.600000,4.600000,1.250000,0,.000000,.000000
3.700000,4.600000,1.250000,0,.000000,.000000
3.800000,4.600000,1.250000,0,.000000,.000000
3.900000,4.600000,1.250000,0,.000000,.000000
4.000000,4.600000,1.250000,0,.000000,.000000
4.100000,4.600000,1.250000,0,.000000,.000000
4.200000,4.600000,1.250000,0,.000000,.000000
4.300000,4.600000,1.250000,0,.000000,.000000
4.400000,4.600000,1.250000,0,.000000,.000000
4.500000,4.600000,1.250000,0,.000000,.000000
4.600000,4.600000,1.250000,0,.000000,.000000
4.700000,4.600000,1.250000,0,.000000,.000000
4.800000,4.600000,1.250000,0,.000000,.000000
4.900000,4.600000,1.250000,0,.000000,.000000
5.000000,4.600000,1.250000,0,.000000,.000000
5.100000,4.600000,1.250000,0,.000000,.000000
5.200000,4.600000,1.250000,0,.000000,.000000
5.300000,4.600000,1.250000,0,.000000,.000000
5.400000,4.600000,1.250000,0,.000000,.000000
5.500000,4.600000,1.250000,0,.000000,.000000
5.600000,4.600000,1.250000,0,.000000,.000000
5.700000,4.600000,1.250000,0,.000000,.000000
5.800000,4.600000,1.250000,0,.000000,.000000
5.900000,4.600000,1.250000,0,.000000,.000000
6.000000,4.600000,1.250000,0,.000000,.000000
6.100000,4.600000,1.250000,0,.000000,.000000
6.200000,4.600000,1.250000,0,.000000,.000000
6.300000,4.600000,1.250000,0,.000000,.000000
6.400000,4.600000,1.250000,0,.000000,.000000
6.500000,4.600000,1.250000,0,.000000,.000000
6.600000,4.600000,1.250000,0,.000000,.000000
6.700000,4.600000,1.250000,0,.000000,.000000
6.800000,4.600000,1.250000,0,.000000,.000000
6.900000,4.600000,1.250000,0,.000000,.000000
7.000000,4.600000,1.250000,0,.000000,.000000
7.100000,4.600000,1.250000,0,.000000,.000000
7.200000,4.600000,1.250000,0,.000000,.000000
7.300000,4.600000,1.250000,0,.000000,.000000
7.400000,4.600000,1.250000,0,.000000,.000000
7.500000,4.600000,1.250000,0,.000000,.000000
7.600000,4.600000,1.250000,0,.000000,.000000
7.700000,4.600000,1.250000,0,.000000,.000000
7.800000,4.600000,1.250000,0,.000000,.000000
7.900000,4.600000,1.250000,0,.000000,.000000
8.000000,4.600000,1.250000,0,.000000,.000000
8.100000,4.600000,1.250000,0,.000000,.000000
8.200000,4.600000,1.250000,0,.000000,.000000
8.300000,4.600000,1.250000,0,.000000,.000000
8.400000,4.600000,1.250000,0,.000000,.000000
.000000,4.700000,1.250000,0,.000000,.000000
.1000000,4.700000,1.250000,0,.000000,.000000
.2000000,4.700000,1.250000,0,.000000,.000000
.3000000,4.700000,1.250000,0,.000000,.000000
.4000000,4.700000,1.250000,0,.000000,.000000
.5000000,4.700000,1.250000,0,.000000,.000000
.6000000,4.700000,1.250000,0,.000000,.000000
.7000000,4.700000,1.250000,0,.000000,.000000
.8000000,4.700000,1.250000,0,.000000,.000000
.9000000,4.700000,1.250000,0,.000000,.000000
1.000000,4.700000,1.250000,0,.000000,.000000
1.100000,4.700000,1.250000,0,.000000,.000000
1.200000,4.700000,1.250000,0,.000000,.000000
1.300000,4.700000,1.250000,0,.000000,.000000
1.400000,4.700000,1.250000,0,.000000,.000000
1.500000,4.700000,1.250000,0,.000000,.000000
1.600000,4.700000,1.250000,0,.000000,.000000
1.700000,4.700000,1.250000,0,.000000,.000000
1.800000,4.700000,1.250000,0,.000000,.000000
1.900000,4.700000,1.250000,0,.000000,.000000
2.000000,4.700000,1.250000,0,.000000,.000000
2.100000,4.700000,1.250000,0,.000000,.000000
2.200000,4.700000,1.250000,0,.000000,.000000
2.300000,4.700000,1.250000,0,.000000,.000000
2.400000,4.700000,1.250000,0,.000000,.000000
2.500000,4.700000,1.250000,0,.000000,.000000
2.600000,4.700000,1.250000,0,.000000,.000000
2.700000,4.700000,1.250000,0,.000000,.000000
2.800000,4.700000,1.250000,0,.000000,.000000
2.900000,4.700000,1.250000,0,.000000,.000000
3.000000,4.700000,1.250000,0,.000000,.000000
3.100000,4.700000,1.250000,0,.000000,.000000
3.200000,4.700000,1.250000,0,.000000,.000000
3.300000,4.700000,1.250000,0,.000000,.000000
3.400000,4.700000,1.250000,0,.000000,.000000
3.500000,4.700000,1.250000,0,.000000,.000000
3.600000,4.700000,1.250000,0,.000000,.000000
3.700000,4.700000,1.250000,0,.000000,.000000
3.800000,4.700000,1.250000,0,.000000,.000000
3.900000,4.700000,1.250000,0,.000000,.000000
4.000000,4.700000,1.250000,0,.000000,.000000
4.100000,4.700000,1.250000,0,.000000,.000000
4.200000,4.700000,1.250000,0,.000000,.000000
4.300000,4.700000,1.250000,0,.000000,.000000
4.400000,4.700000,1.250000,0,.000000,.000000
4.500000,4.700000,1.250000,0,.000000,.000000
4.600000,4.700000,1.250000,0,.000000,.000000
4.700000,4.700000,1.250000,0,.000000,.000000
4.800000,4.700000,1.250000,0,.000000,.000000
4.900000,4.700000,1.250000,0,.000000,.000000
5.000000,4.700000,1.250000,0,.000000,.000000
5.100000,4.700000,1.250000,0,.000000,.000000
5.200000,4.700000,1.250000,0,.000000,.000000
5.300000,4.700000,1.250000,0,.000000,.000000
5.400000,4.700000,1.250000,0,.000000,.000000
5.500000,4.700000,1.250000,0,.000000,.000000
5.600000,4.700000,1.250000,0,.000000,.000000
5.700000,4.700000,1.250000,0,.000000,.000000
5.800000,4.700000,1.250000,0,.000000,.000000
5.900000,4.700000,1.250000,0,.000000,.000000
6.000000,4.700000,1.250000,0,.000000,.000000
6.100000,4.700000,1.250000,0,.000000,.000000
6.200000,4.700000,1.250000,0,.000000,.000000
6.300000,4.700000,1.250000,0,.000000,.000000
6.400000,4.700000,1.250000,0,.000000,.000000
6.500000,4.700000,1.250000,0,.000000,.000000
6.600000,4.700000,1.250000,0,.000000,.000000
6.700000,4.700000,1.250000,0,.000000,.000000
6.800000,4.700000,1.250000,0,.000000,.000000
6.900000,4.700000,1.250000,0,.000000,.000000
7.000000,4.700000,1.250000,0,.000000,.000000
7.100000,4.700000,1.250000,0,.000000,.000000
7.200000,4.700000,1.250000,0,.000000,.000000
7.300000,4.700000,1.250000,0,.000000,.000000
7.400000,4.700000,1.250000,0,.000000,.000000
7.500000,4.700000,1.250000,0,.000000,.000000
7.600000,4.700000,1.250000,0,.000000,.000000
7.700000,4.700000,1.250000,0,.000000,.000000
7.800000,4.700000,1.250000,0,.000000,.000000
7.900000,4.700000,1.250000,0,.000000,.000000
8.000000,4.700000,1.250000,0,.000000,.000000
8.100000,4.700000,1.250000,0,.000000,.000000
8.200000,4.700000,1.250000,0,.000000,.000000
8.300000,4.700000,1.250000,0,.000000,.000000
8.400000,4.700000,1.250000,0,.000000,.000000
.000000,4.800000,1.250000,0,.000000,.000000
.1000000,4.800000,1.250000,0,.000000,.000000
.2000000,4.800000,1.250000,0,.000000,.000000
.3000000,4.800000,1.250000,0,.000000,.000000
.4000000,4.800000,1.250000,0,.000000,.000000
.5000000,4.800000,1.250000,0,.000000,.000000
.6000000,4.800000,1.250000,0,.000000,.000000
.7000000,4.800000,1.250000,0,.000000,.000000
.8000000,4.800000,1.250000,0,.000000,.000000
.9000000,4.800000,1.250000,0,.000000,.000000
1.000000,4.800000,1.250000,0,.000000,.000000
1.100000,4.800000,1.250000,0,.000000,.000000
1.200000,4.800000,1.250000,0,.000000,.000000
1.300000,4.800000,1.250000,0,.000000,.000000
1.400000,4.800000,1.250000,0,.000000,.000000
1.500000,4.800000,1.250000,0,.000000,.000000
1.600000,4.800000,1.250000,0,.000000,.000000
1.700000,4.800000,1.250000,0,.000000,.000000
1.800000,4.800000,1.250000,0,.000000,.000000
1.900000,4.800000,1.250000,0,.000000,.000000
2.000000,4.800000,1.250000,0,.000000,.000000
2.100000,4.800000,1.250000,0,.000000,.000000
2.200000,4.800000,1.250000,0,.000000,.000000
2.300000,4.800000,1.250000,0,.000000,.000000
2.400000,4.800000,1.250000,0,.000000,.000000
2.500000,4.800000,1.250000,0,.000000,.000000
2.600000,4.800000,1.250000,0,.000000,.000000
2.700000,4.800000,1.250000,0,.000000,.000000
2.800000,4.800000,1.250000,0,.000000,.000000
2.900000,4.800000,1.250000,0,.000000,.000000
3.000000,4.800000,1.250000,0,.000000,.000000
3.100000,4.800000,1.250000,0,.000000,.000000
3.200000,4.800000,1.250000,0,.000000,.000000
3.300000,4.800000,1.250000,0,.000000,.000000
3.400000,4.800000,1.250000,0,.000000,.000000
3.500000,4.800000,1.250000,0,.000000,.000000
3.600000,4.800000,1.250000,0,.000000,.000000
3.700000,4.800000,1.250000,0,.000000,.000000
3.800000,4.800000,1.250000,0,.000000,.000000
3.900000,4.800000,1.250000,0,.000000,.000000
4.000000,4.800000,1.250000,0,.000000,.000000
4.100000,4.800000,1.250000,0,.000000,.000000
4.200000,4.800000,1.250000,0,.000000,.000000
4.300000,4.800000,1.250000,0,.000000,.000000
4.400000,4.800000,1.250000,0,.000000,.000000
4.500000,4.800000,1.250000,0,.000000,.000000
4.600000,4.800000,1.250000,0,.000000,.000000
4.700000,4.800000,1.250000,0,.000000,.000000
4.800000,4.800000,1.250000,0,.000000,.000000
4.900000,4.800000,1.250000,0,.000000,.000000
5.000000,4.800000,1.250000,0,.000000,.000000
5.100000,4.800000,1.250000,0,.000000,.000000
5.200000,4.800000,1.250000,0,.000000,.000000
5.300000,4.800000,1.250000,0,.000000,.000000
5.400000,4.800000,1.250000,0,.000000,.000000
5.500000,4.800000,1.250000,0,.000000,.000000
5.600000,4.800000,1.250000,0,.000000,.000000
5.700000,4.800000,1.250000,0,.000000,.000000
5.800000,4.800000,1.250000,0,.000000,.000000
5.900000,4.800000,1.250000,0,.000000,.000000
6.000000,4.800000,1.250000,0,.000000,.000000
6.100000,4.800000,1.250000,0,.000000,.000000
6.200000,4.800000,1.250000,0,.000000,.000000
6.300000,4.800000,1.250000,0,.000000,.000000
6.400000,4.800000,1.250000,0,.000000,.000000
6.500000,4.800000,1.250000,0,.000000,.000000
6.600000,4.800000,1.250000,0,.000000,.000000
6.700000,4.800000,1.250000,0,.000000,.000000
6.800000,4.800000,1.250000,0,.000000,.000000
6.900000,4.800000,1.250000,0,.000000,.000000
7.000000,4.800000,1.250000,0,.000000,.000000
7.100000,4.800000,1.250000,0,.000000,.000000
7.200000,4.800000,1.250000,0,.000000,.000000
7.300000,4.800000,1.250000,0,.000000,.000000
7.400000,4.800000,1.250000,0,.000000,.000000
7.500000,4.800000,1.250000,0,.000000,.000000
7.600000,4.800000,1.250000,0,.000000,.000000
7.700000,4.800000,1.250000,0,.000000,.000000
7.800000,4.800000,1.250000,0,.000000,.000000
7.900000,4.800000,1.250000,0,.000000,.000000
8.000000,4.800000,1.250000,0,.000000,.000000
8.100000,4.800000,1.250000,0,.000000,.000000
8.200000,4.800000,1.250000,0,.000000,.000000
8.300000,4.800000,1.250000,0,.000000,.000000
8.400000,4.800000,1.250000,0,.000000,.000000
.000000,4.900000,1.250000,0,.000000,.000000
.1000000,4.900000,1.250000,0,.000000,.000000
.2000000,4.900000,1.250000,0,.000000,.000000
.3000000,4.900000,1.250000,0,.000000,.000000
.4000000,4.900000,1.250000,0,.000000,.000000
.5000000,4.900000,1.250000,0,.000000,.000000
.6000000,4.900000,1.250000,0,.000000,.000000
.7000000,4.900000,1.250000,0,.000000,.000000
.8000000,4.900000,1.250000,0,.000000,.000000
.9000000,4.900000,1.250000,0,.000000,.000000
1.000000,4.900000,1.250000,0,.000000,.000000
1.100000,4.900000,1.250000,0,.000000,.000000
1.200000,4.900000,1.250000,0,.000000,.000000
1.300000,4.900000,1.250000,0,.000000,.000000
1.400000,4.900000,1.250000,0,.000000,.000000
1.500000,4.900000,1.250000,0,.000000,.000000
1.600000,4.900000,1.250000,0,.000000,.000000
1.700000,4.900000,1.250000,0,.000000,.000000
1.800000,4.900000,1.250000,0,.000000,.000000
1.900000,4.900000,1.250000,0,.000000,.000000
2.000000,4.900000,1.250000,0,.000000,.000000
2.100000,4.900000,1.250000,0,.000000,.000000
2.200000,4.900000,1.250000,0,.000000,.000000
2.300000,4.900000,1.250000,0,.000000,.000000
2.400000,4.900000,1.250000,0,.000000,.000000
2.500000,4.900000,1.250000,0,.000000,.000000
2.600000,4.900000,1.250000,0,.000000,.000000
2.700000,4.900000,1.250000,0,.000000,.000000
2.800000,4.900000,1.250000,0,.000000,.000000
2.900000,4.900000,1.250000,0,.000000,.000000
3.000000,4.900000,1.250000,0,.000000,.000000
3.100000,4.900000,1.250000,0,.000000,.000000
3.200000,4.900000,1.250000,0,.000000,.000000
3.300000,4.900000,1.250000,0,.000000,.000000
3.400000,4.900000,1.250000,0,.000000,.000000
3.500000,4.900000,1.250000,0,.000000,.000000
3.600000,4.900000,1.250000,0,.000000,.000000
3.700000,4.900000,1.250000,0,.000000,.000000
3.800000,4.900000,1.250000,0,.000000,.000000
3.900000,4.900000,1.250000,0,.000000,.000000
4.000000,4.900000,1.250000,0,.000000,.000000
4.100000,4.900000,1.250000,0,.000000,.000000
4.200000,4.900000,1.250000,0,.000000,.000000
4.300000,4.900000,1.250000,0,.000000,.000000
4.400000,4.900000,1.250000,0,.000000,.000000
4.500000,4.900000,1.250000,0,.000000,.000000
4.600000,4.900000,1.250000,0,.000000,.000000
4.700000,4.900000,1.250000,0,.000000,.000000
4.800000,4.900000,1.250000,0,.000000,.000000
4.900000,4.900000,1.250000,0,.000000,.000000
5.000000,4.900000,1.250000,0,.000000,.000000
5.100000,4.900000,1.250000,0,.000000,.000000
5.200000,4.900000,1.250000,0,.000000,.000000
5.300000,4.900000,1.250000,0,.000000,.000000
5.400000,4.900000,1.250000,0,.000000,.000000
5.500000,4.900000,1.250000,0,.000000,.000000
5.600000,4.900000,1.250000,0,.000000,.000000
5.700000,4.900000,1.250000,0,.000000,.000000
5.800000,4.900000,1.250000,0,.000000,.000000
5.900000,4.900000,1.250000,0,.000000,.000000
6.000000,4.900000,1.250000,0,.000000,.000000
6.100000,4.900000,1.250000,0,.000000,.000000
6.200000,4.900000,1.250000,0,.000000,.000000
6.300000,4.900000,1.250000,0,.000000,.000000
6.400000,4.900000,1.250000,0,.000000,.000000
6.500000,4.900000,1.250000,0,.000000,.000000
6.600000,4.900000,1.250000,0,.000000,.000000
6.700000,4.900000,1.250000,0,.000000,.000000
6.800000,4.900000,1.250000,0,.000000,.000000
6.900000,4.900000,1.250000,0,.000000,.000000
7.000000,4.900000,1.250000,0,.000000,.000000
7.100000,4.900000,1.250000,0,.000000,.000000
7.200000,4.900000,1.250000,0,.000000,.000000
7.300000,4.900000,1.250000,0,.000000,.000000
7.400000,4.900000,1.250000,0,.000000,.000000
7.500000,4.900000,1.250000,0,.000000,.000000
7.600000,4.900000,1.250000,0,.000000,.000000
7.700000,4.900000,1.250000,0,.000000,.000000
7.800000,4.900000,1.250000,0,.000000,.000000
7.900000,4.900000,1.250000,0,.000000,.000000
8.000000,4.900000,1.250000,0,.000000,.000000
8.100000,4.900000,1.250000,0,.000000,.000000
8.200000,4.900000,1.250000,0,.000000,.000000
8.300000,4.900000,1.250000,0,.000000,.000000
8.400000,4.900000,1.250000,0,.000000,.000000
.000000,5.000000,1.250000,0,.000000,.000000
.1000000,5.000000,1.250000,0,.000000,.000000
.2000000,5.000000,1.250000,0,.000000,.000000
.3000000,5.000000,1.250000,0,.000000,.000000
.4000000,5.000000,1.250000,0,.000000,.000000
.5000000,5.000000,1.250000,0,.000000,.000000
.6000000,5.000000,1.250000,0,.000000,.000000
.7000000,5.000000,1.250000,0,.000000,.000000
.8000000,5.000000,1.250000,0,.000000,.000000
.9000000,5.000000,1.250000,0,.000000,.000000
1.000000,5.000000,1.250000,0,.000000,.000000
1.100000,5.000000,1.250000,0,.000000,.000000
1.200000,5.000000,1.250000,0,.000000,.000000
1.300000,5.000000,1.250000,0,.000000,.000000
1.400000,5.000000,1.250000,0,.000000,.000000
1.500000,5.000000,1.250000,0,.000000,.000000
1.600000,5.000000,1.250000,0,.000000,.000000
1.700000,5.000000,1.250000,0,.000000,.000000
1.800000,5.000000,1.250000,0,.000000,.000000
1.900000,5.000000,1.250000,0,.000000,.000000
2.000000,5.000000,1.250000,0,.000000,.000000
2.100000,5.000000,1.250000,0,.000000,.000000
2.200000,5.000000,1.250000,0,.000000,.000000
2.300000,5.000000,1.250000,0,.000000,.000000
2.400000,5.000000,1.250000,0,.000000,.000000
2.500000,5.000000,1.250000,0,.000000,.000000
2.600000,5.000000,1.250000,0,.000000,.000000
2.700000,5.000000,1.250000,0,.000000,.000000
2.800000,5.000000,1.250000,0,.000000,.000000
2.900000,5.000000,1.250000,0,.000000,.000000
3.000000,5.000000,1.250000,0,.000000,.000000
3.100000,5.000000,1.250000,0,.000000,.000000
3.200000,5.000000,1.250000,0,.000000,.000000
3.300000,5.000000,1.250000,0,.000000,.000000
3.400000,5.000000,1.250000,0,.000000,.000000
3.500000,5.000000,1.250000,0,.000000,.000000
3.600000,5.000000,1.250000,0,.000000,.000000
3.700000,5.000000,1.250000,0,.000000,.000000
3.800000,5.000000,1.250000,0,.000000,.000000
3.900000,5.000000,1.250000,0,.000000,.000000
4.000000,5.000000,1.250000,0,.000000,.000000
4.100000,5.000000,1.250000,0,.000000,.000000
4.200000,5.000000,1.250000,0,.000000,.000000
4.300000,5.000000,1.250000,0,.000000,.000000
4.400000,5.000000,1.250000,0,.000000,.000000
4.500000,5.000000,1.250000,0,.000000,.000000
4.600000,5.000000,1.250000,0,.000000,.000000
4.700000,5.000000,1.250000,0,.000000,.000000
4.800000,5.000000,1.250000,0,.000000,.000000
4.900000,5.000000,1.250000,0,.000000,.000000
5.000000,5.000000,1.250000,0,.000000,.000000
5.100000,5.000000,1.250000,0,.000000,.000000
5.200000,5.000000,1.250000,0,.000000,.000000
5.300000,5.000000,1.250000,0,.000000,.000000
5.400000,5.000000,1.250000,0,.000000,.000000
5.500000,5.000000,1.250000,0,.000000,.000000
5.600000,5.000000,1.250000,0,.000000,.000000
5.700000,5.000000,1.250000,0,.000000,.000000
5.800000,5.000000,1.250000,0,.000000,.000000
5.900000,5.000000,1.250000,0,.000000,.000000
6.000000,5.000000,1.250000,0,.000000,.000000
6.100000,5.000000,1.250000,0,.000000,.000000
6.200000,5.000000,1.250000,0,.000000,.000000
6.300000,5.000000,1.250000,0,.000000,.000000
6.400000,5.000000,1.250000,0,.000000,.000000
6.500000,5.000000,1.250000,0,.000000,.000000
6.600000,5.000000,1.250000,0,.000000,.000000
6.700000,5.000000,1.250000,0,.000000,.000000
6.800000,5.000000,1.250000,0,.000000,.000000
6.900000,5.000000,1.250000,0,.000000,.000000
7.000000,5.000000,1.250000,0,.000000,.000000
7.100000,5.000000,1.250000,0,.000000,.000000
7.200000,5.000000,1.250000,0,.000000,.000000
7.300000,5.000000,1.250000,0,.000000,.000000
7.400000,5.000000,1.250000,0,.000000,.000000
7.500000,5.000000,1.250000,0,.000000,.000000
7.600000,5.000000,1.250000,0,.000000,.000000
7.700000,5.000000,1.250000,0,.000000,.000000
7.800000,5.000000,1.250000,0,.000000,.000000
7.900000,5.000000,1.250000,0,.000000,.000000
8.000000,5.000000,1.250000,0,.000000,.000000
8.100000,5.000000,1.250000,0,.000000,.000000
8.200000,5.000000,1.250000,0,.000000,.000000
8.300000,5.000000,1.250000,0,.000000,.000000
8.400000,5.000000,1.250000,0,.000000,.000000
.000000,5.100000,1.250000,0,.000000,.000000
.1000000,5.100000,1.250000,0,.000000,.000000
.2000000,5.100000,1.250000,0,.000000,.000000
.3000000,5.100000,1.250000,0,.000000,.000000
.4000000,5.100000,1.250000,0,.000000,.000000
.5000000,5.100000,1.250000,0,.000000,.000000
.6000000,5.100000,1.250000,0,.000000,.000000
.7000000,5.100000,1.250000,0,.000000,.000000
.8000000,5.100000,1.250000,0,.000000,.000000
.9000000,5.100000,1.250000,0,.000000,.000000
1.000000,5.100000,1.250000,0,.000000,.000000
1.100000,5.100000,1.250000,0,.000000,.000000
1.200000,5.100000,1.250000,0,.000000,.000000
1.300000,5.100000,1.250000,0,.000000,.000000
1.400000,5.100000,1.250000,0,.000000,.000000
1.500000,5.100000,1.250000,0,.000000,.000000
1.600000,5.100000,1.250000,0,.000000,.000000
1.700000,5.100000,1.250000,0,.000000,.000000
1.800000,5.100000,1.250000,0,.000000,.000000
1.900000,5.100000,1.250000,0,.000000,.000000
2.000000,5.100000,1.250000,0,.000000,.000000
2.100000,5.100000,1.250000,0,.000000,.000000
2.200000,5.100000,1.250000,0,.000000,.000000
2.300000,5.100000,1.250000,0,.000000,.000000
2.400000,5.100000,1.250000,0,.000000,.000000
2.500000,5.100000,1.250000,0,.000000,.000000
2.600000,5.100000,1.250000,0,.000000,.000000
2.700000,5.100000,1.250000,0,.000000,.000000
2.800000,5.100000,1.250000,0,.000000,.000000
2.900000,5.100000,1.250000,0,.000000,.000000
3.000000,5.100000,1.250000,0,.000000,.000000
3.100000,5.100000,1.250000,0,.000000,.000000
3.200000,5.100000,1.250000,0,.000000,.000000
3.300000,5.100000,1.250000,0,.000000,.000000
3.400000,5.100000,1.250000,0,.000000,.000000
3.500000,5.100000,1.250000,0,.000000,.000000
3.600000,5.100000,1.250000,0,.000000,.000000
3.700000,5.100000,1.250000,0,.000000,.000000
3.800000,5.100000,1.250000,0,.000000,.000000
3.900000,5.100000,1.250000,0,.000000,.000000
4.000000,5.100000,1.250000,0,.000000,.000000
4.100000,5.100000,1.250000,0,.000000,.000000
4.200000,5.100000,1.250000,0,.000000,.000000
4.300000,5.100000,1.250000,0,.000000,.000000
4.400000,5.100000,1.250000,0,.000000,.000000
4.500000,5.100000,1.250000,0,.000000,.000000
4.600000,5.100000,1.250000,0,.000000,.000000
4.700000,5.100000,1.250000,0,.000000,.000000
4.800000,5.100000,1.250000,0,.000000,.000000
4.900000,5.100000,1.250000,0,.000000,.000000
5.000000,5.100000,1.250000,0,.000000,.000000
5.100000,5.100000,1.250000,0,.000000,.000000
5.200000,5.100000,1.250000,0,.000000,.000000
5.300000,5.100000,1.250000,0,.000000,.000000
5.400000,5.100000,1.250000,0,.000000,.000000
5.500000,5.100000,1.250000,0,.000000,.000000
5.600000,5.100000,1.250000,0,.000000,.000000
5.700000,5.100000,1.250000,0,.000000,.000000
5.800000,5.100000,1.250000,0,.000000,.000000
5.900000,5.100000,1.250000,0,.000000,.000000
6.000000,5.100000,1.250000,0,.000000,.000000
6.100000,5.100000,1.250000,0,.000000,.000000
6.200000,5.100000,1.250000,0,.000000,.000000
6.300000,5.100000,1.250000,0,.000000,.000000
6.400000,5.100000,1.250000,0,.000000,.000000
6.500000,5.100000,1.250000,0,.000000,.000000
6.600000,5.100000,1.250000,0,.000000,.000000
6.700000,5.100000,1.250000,0,.000000,.000000
6.800000,5.100000,1.250000,0,.000000,.000000
6.900000,5.100000,1.250000,0,.000000,.000000
7.000000,5.100000,1.250000,0,.000000,.000000
7.100000,5.100000,1.250000,0,.000000,.000000
7.200000,5.100000,1.250000,0,.000000,.000000
7.300000,5.100000,1.250000,0,.000000,.000000
7.400000,5.100000,1.250000,0,.000000,.000000
7.500000,5.100000,1.250000,0,.000000,.000000
7.600000,5.100000,1.250000,0,.000000,.000000
7.700000,5.100000,1.250000,0,.000000,.000000
7.800000,5.100000,1.250000,0,.000000,.000000
7.900000,5.100000,1.250000,0,.000000,.000000
8.000000,5.100000,1.250000,0,.000000,.000000
8.100000,5.100000,1.250000,0,.000000,.000000
8.200000,5.100000,1.250000,0,.000000,.000000
8.300000,5.100000,1.250000,0,.000000,.000000
8.400000,5.100000,1.250000,0,.000000,.000000
.000000,5.200000,1.250000,0,.000000,.000000
.1000000,5.200000,1.250000,0,.000000,.000000
.2000000,5.200000,1.250000,0,.000000,.000000
.3000000,5.200000,1.250000,0,.000000,.000000
.4000000,5.200000,1.250000,0,.000000,.000000
.5000000,5.200000,1.250000,0,.000000,.000000
.6000000,5.200000,1.250000,0,.000000,.000000
.7000000,5.200000,1.250000,0,.000000,.000000
.8000000,5.200000,1.250000,0,.000000,.000000
.9000000,5.200000,1.250000,0,.000000,.000000
1.000000,5.200000,1.250000,0,.000000,.000000
1.100000,5.200000,1.250000,0,.000000,.000000
1.200000,5.200000,1.250000,0,.000000,.000000
1.300000,5.200000,1.250000,0,.000000,.000000
1.400000,5.200000,1.250000,0,.000000,.000000
1.500000,5.200000,1.250000,0,.000000,.000000
1.600000,5.200000,1.250000,0,.000000,.000000
1.700000,5.200000,1.250000,0,.000000,.000000
1.800000,5.200000,1.250000,0,.000000,.000000
1.900000,5.200000,1.250000,0,.000000,.000000
2.000000,5.200000,1.250000,0,.000000,.000000
2.100000,5.200000,1.250000,0,.000000,.000000
2.200000,5.200000,1.250000,0,.000000,.000000
2.300000,5.200000,1.250000,0,.000000,.000000
2.400000,5.200000,1.250000,0,.000000,.000000
2.500000,5.200000,1.250000,0,.000000,.000000
2.600000,5.200000,1.250000,0,.000000,.000000
2.700000,5.200000,1.250000,0,.000000,.000000
2.800000,5.200000,1.250000,0,.000000,.000000
2.900000,5.200000,1.250000,0,.000000,.000000
3.000000,5.200000,1.250000,0,.000000,.000000
3.100000,5.200000,1.250000,0,.000000,.000000
3.200000,5.200000,1.250000,0,.000000,.000000
3.300000,5.200000,1.250000,0,.000000,.000000
3.400000,5.200000,1.250000,0,.000000,.000000
3.500000,5.200000,1.250000,0,.000000,.000000
3.600000,5.200000,1.250000,0,.000000,.000000
3.700000,5.200000,1.250000,0,.000000,.000000
3.800000,5.200000,1.250000,0,.000000,.000000
3.900000,5.200000,1.250000,0,.000000,.000000
4.000000,5.200000,1.250000,0,.000000,.000000
4.100000,5.200000,1.250000,0,.000000,.000000
4.200000,5.200000,1.250000,0,.000000,.000000
4.300000,5.200000,1.250000,0,.000000,.000000
4.400000,5.200000,1.250000,0,.000000,.000000
4.500000,5.200000,1.250000,0,.000000,.000000
4.600000,5.200000,1.250000,0,.000000,.000000
4.700000,5.200000,1.250000,0,.000000,.000000
4.800000,5.200000,1.250000,0,.000000,.000000
4.900000,5.200000,1.250000,0,.000000,.000000
5.000000,5.200000,1.250000,0,.000000,.000000
5.100000,5.200000,1.250000,0,.000000,.000000
5.200000,5.200000,1.250000,0,.000000,.000000
5.300000,5.200000,1.250000,0,.000000,.000000
5.400000,5.200000,1.250000,0,.000000,.000000
5.500000,5.200000,1.250000,0,.000000,.000000
5.600000,5.200000,1.250000,0,.000000,.000000
5.700000,5.200000,1.250000,0,.000000,.000000
5.800000,5.200000,1.250000,0,.000000,.000000
5.900000,5.200000,1.250000,0,.000000,.000000
6.000000,5.200000,1.250000,0,.000000,.000000
6.100000,5.200000,1.250000,0,.000000,.000000
6.200000,5.200000,1.250000,0,.000000,.000000
6.300000,5.200000,1.250000,0,.000000,.000000
6.400000,5.200000,1.250000,0,.000000,.000000
6.500000,5.200000,1.250000,0,.000000,.000000
6.600000,5.200000,1.250000,0,.000000,.000000
6.700000,5.200000,1.250000,0,.000000,.000000
6.800000,5.200000,1.250000,0,.000000,.000000
6.900000,5.200000,1.250000,0,.000000,.000000
7.000000,5.200000,1.250000,0,.000000,.000000
7.100000,5.200000,1.250000,0,.000000,.000000
7.200000,5.200000,1.250000,0,.000000,.000000
7.300000,5.200000,1.250000,0,.000000,.000000
7.400000,5.200000,1.250000,0,.000000,.000000
7.500000,5.200000,1.250000,0,.000000,.000000
7.600000,5.200000,1.250000,0,.000000,.000000
7.700000,5.200000,1.250000,0,.000000,.000000
7.800000,5.200000,1.250000,0,.000000,.000000
7.900000,5.200000,1.250000,0,.000000,.000000
8.000000,5.200000,1.250000,0,.000000,.000000
8.100000,5.200000,1.250000,0,.000000,.000000
8.200000,5.200000,1.250000,0,.000000,.000000
8.300000,5.200000,1.250000,0,.000000,.000000
8.400000,5.200000,1.250000,0,.000000,.000000
.000000,5.300000,1.250000,0,.000000,.000000
.1000000,5.300000,1.250000,0,.000000,.000000
.2000000,5.300000,1.250000,0,.000000,.000000
.3000000,5.300000,1.250000,0,.000000,.000000
.4000000,5.300000,1.250000,0,.000000,.000000
.5000000,5.300000,1.250000,0,.000000,.000000
.6000000,5.300000,1.250000,0,.000000,.000000
.7000000,5.300000,1.250000,0,.000000,.000000
.8000000,5.300000,1.250000,0,.000000,.000000
.9000000,5.300000,1.250000,0,.000000,.000000
1.000000,5.300000,1.250000,0,.000000,.000000
1.100000,5.300000,1.250000,0,.000000,.000000
1.200000,5.300000,1.250000,0,.000000,.000000
1.300000,5.300000,1.250000,0,.000000,.000000
1.400000,5.300000,1.250000,0,.000000,.000000
1.500000,5.300000,1.250000,0,.000000,.000000
1.600000,5.300000,1.250000,0,.000000,.000000
1.700000,5.300000,1.250000,0,.000000,.000000
1.800000,5.300000,1.250000,0,.000000,.000000
1.900000,5.300000,1.250000,0,.000000,.000000
2.000000,5.300000,1.250000,0,.000000,.000000
2.100000,5.300000,1.250000,0,.000000,.000000
2.200000,5.300000,1.250000,0,.000000,.000000
2.300000,5.300000,1.250000,0,.000000,.000000
2.400000,5.300000,1.250000,0,.000000,.000000
2.500000,5.300000,1.250000,0,.000000,.000000
2.600000,5.300000,1.250000,0,.000000,.000000
2.700000,5.300000,1.250000,0,.000000,.000000
2.800000,5.300000,1.250000,0,.000000,.000000
2.900000,5.300000,1.250000,0,.000000,.000000
3.000000,5.300000,1.250000,0,.000000,.000000
3.100000,5.300000,1.250000,0,.000000,.000000
3.200000,5.300000,1.250000,0,.000000,.000000
3.300000,5.300000,1.250000,0,.000000,.000000
3.400000,5.300000,1.250000,0,.000000,.000000
3.500000,5.300000,1.250000,0,.000000,.000000
3.600000,5.300000,1.250000,0,.000000,.000000
3.700000,5.300000,1.250000,0,.000000,.000000
3.800000,5.300000,1.250000,0,.000000,.000000
3.900000,5.300000,1.250000,0,.000000,.000000
4.000000,5.300000,1.250000,0,.000000,.000000
4.100000,5.300000,1.250000,0,.000000,.000000
4.200000,5.300000,1.250000,0,.000000,.000000
4.300000,5.300000,1.250000,0,.000000,.000000
4.400000,5.300000,1.250000,0,.000000,.000000
4.500000,5.300000,1.250000,0,.000000,.000000
4.600000,5.300000,1.250000,0,.000000,.000000
4.700000,5.300000,1.250000,0,.000000,.000000
4.800000,5.300000,1.250000,0,.000000,.000000
4.900000,5.300000,1.250000,0,.000000,.000000
5.000000,5.300000,1.250000,0,.000000,.000000
5.100000,5.300000,1.250000,0,.000000,.000000
5.200000,5.300000,1.250000,0,.000000,.000000
5.300000,5.300000,1.250000,0,.000000,.000000
5.400000,5.300000,1.250000,0,.000000,.000000
5.500000,5.300000,1.250000,0,.000000,.000000
5.600000,5.300000,1.250000,0,.000000,.000000
5.700000,5.300000,1.250000,0,.000000,.000000
5.800000,5.300000,1.250000,0,.000000,.000000
5.900000,5.300000,1.250000,0,.000000,.000000
6.000000,5.300000,1.250000,0,.000000,.000000
6.100000,5.300000,1.250000,0,.000000,.000000
6.200000,5.300000,1.250000,0,.000000,.000000
6.300000,5.300000,1.250000,0,.000000,.000000
6.400000,5.300000,1.250000,0,.000000,.000000
6.500000,5.300000,1.250000,0,.000000,.000000
6.600000,5.300000,1.250000,0,.000000,.000000
6.700000,5.300000,1.250000,0,.000000,.000000
6.800000,5.300000,1.250000,0,.000000,.000000
6.900000,5.300000,1.250000,0,.000000,.000000
7.000000,5.300000,1.250000,0,.000000,.000000
7.100000,5.300000,1.250000,0,.000000,.000000
7.200000,5.300000,1.250000,0,.000000,.000000
7.300000,5.300000,1.250000,0,.000000,.000000
7.400000,5.300000,1.250000,0,.000000,.000000
7.500000,5.300000,1.250000,0,.000000,.000000
7.600000,5.300000,1.250000,0,.000000,.000000
7.700000,5.300000,1.250000,0,.000000,.000000
7.800000,5.300000,1.250000,0,.000000,.000000
7.900000,5.300000,1.250000,0,.000000,.000000
8.000000,5.300000,1.250000,0,.000000,.000000
8.100000,5.300000,1.250000,0,.000000,.000000
8.200000,5.300000,1.250000,0,.000000,.000000
8.300000,5.300000,1.250000,0,.000000,.000000
8.400000,5.300000,1.250000,0,.000000,.000000
.000000,5.400000,1.250000,0,.000000,.000000
.1000000,5.400000,1.250000,0,.000000,.000000
.2000000,5.400000,1.250000,0,.000000,.000000
.3000000,5.400000,1.250000,0,.000000,.000000
.4000000,5.400000,1.250000,0,.000000,.000000
.5000000,5.400000,1.250000,0,.000000,.000000
.6000000,5.400000,1.250000,0,.000000,.000000
.7000000,5.400000,1.250000,0,.000000,.000000
.8000000,5.400000,1.250000,0,.000000,.000000
.9000000,5.400000,1.250000,0,.000000,.000000
1.000000,5.400000,1.250000,0,.000000,.000000
1.100000,5.400000,1.250000,0,.000000,.000000
1.200000,5.400000,1.250000,0,.000000,.000000
1.300000,5.400000,1.250000,0,.000000,.000000
1.400000,5.400000,1.250000,0,.000000,.000000
1.500000,5.400000,1.250000,0,.000000,.000000
1.600000,5.400000,1.250000,0,.000000,.000000
1.700000,5.400000,1.250000,0,.000000,.000000
1.800000,5.400000,1.250000,0,.000000,.000000
1.900000,5.400000,1.250000,0,.000000,.000000
2.000000,5.400000,1.250000,0,.000000,.000000
2.100000,5.400000,1.250000,0,.000000,.000000
2.200000,5.400000,1.250000,0,.000000,.000000
2.300000,5.400000,1.250000,0,.000000,.000000
2.400000,5.400000,1.250000,0,.000000,.000000
2.500000,5.400000,1.250000,0,.000000,.000000
2.600000,5.400000,1.250000,0,.000000,.000000
2.700000,5.400000,1.250000,0,.000000,.000000
2.800000,5.400000,1.250000,0,.000000,.000000
2.900000,5.400000,1.250000,0,.000000,.000000
3.000000,5.400000,1.250000,0,.000000,.000000
3.100000,5.400000,1.250000,0,.000000,.000000
3.200000,5.400000,1.250000,0,.000000,.000000
3.300000,5.400000,1.250000,0,.000000,.000000
3.400000,5.400000,1.250000,0,.000000,.000000
3.500000,5.400000,1.250000,0,.000000,.000000
3.600000,5.400000,1.250000,0,.000000,.000000
3.700000,5.400000,1.250000,0,.000000,.000000
3.800000,5.400000,1.250000,0,.000000,.000000
3.900000,5.400000,1.250000,0,.000000,.000000
4.000000,5.400000,1.250000,0,.000000,.000000
4.100000,5.400000,1.250000,0,.000000,.000000
4.200000,5.400000,1.250000,0,.000000,.000000
4.300000,5.400000,1.250000,0,.000000,.000000
4.400000,5.400000,1.250000,0,.000000,.000000
4.500000,5.400000,1.250000,0,.000000,.000000
4.600000,5.400000,1.250000,0,.000000,.000000
4.700000,5.400000,1.250000,0,.000000,.000000
4.800000,5.400000,1.250000,0,.000000,.000000
4.900000,5.400000,1.250000,0,.000000,.000000
5.000000,5.400000,1.250000,0,.000000,.000000
5.100000,5.400000,1.250000,0,.000000,.000000
5.200000,5.400000,1.250000,0,.000000,.000000
5.300000,5.400000,1.250000,0,.000000,.000000
5.400000,5.400000,1.250000,0,.000000,.000000
5.500000,5.400000,1.250000,0,.000000,.000000
5.600000,5.400000,1.250000,0,.000000,.000000
5.700000,5.400000,1.250000,0,.000000,.000000
5.800000,5.400000,1.250000,0,.000000,.000000
5.900000,5.400000,1.250000,0,.000000,.000000
6.000000,5.400000,1.250000,0,.000000,.000000
6.100000,5.400000,1.250000,0,.000000,.000000
6.200000,5.400000,1.250000,0,.000000,.000000
6.300000,5.400000,1.250000,0,.000000,.000000
6.400000,5.400000,1.250000,0,.000000,.000000
6.500000,5.400000,1.250000,0,.000000,.000000
6.600000,5.400000,1.250000,0,.000000,.000000
6.700000,5.400000,1.250000,0,.000000,.000000
6.800000,5.400000,1.250000,0,.000000,.000000
6.900000,5.400000,1.250000,0,.000000,.000000
7.000000,5.400000,1.250000,0,.000000,.000000
7.100000,5.400000,1.250000,0,.000000,.000000
7.200000,5.400000,1.250000,0,.000000,.000000
7.300000,5.400000,1.250000,0,.000000,.000000
7.400000,5.400000,1.250000,0,.000000,.000000
7.500000,5.400000,1.250000,0,.000000,.000000
7.600000,5.400000,1.250000,0,.000000,.000000
7.700000,5.400000,1.250000,0,.000000,.000000
7.800000,5.400000,1.250000,0,.000000,.000000
7.900000,5.400000,1.250000,0,.000000,.000000
8.000000,5.400000,1.250000,0,.000000,.000000
8.100000,5.400000,1.250000,0,.000000,.000000
8.200000,5.400000,1.250000,0,.000000,.000000
8.300000,5.400000,1.250000,0,.000000,.000000
8.400000,5.400000,1.250000,0,.000000,.000000
.000000,5.500000,1.250000,0,.000000,.000000
.1000000,5.500000,1.250000,0,.000000,.000000
.2000000,5.500000,1.250000,0,.000000,.000000
.3000000,5.500000,1.250000,0,.000000,.000000
.4000000,5.500000,1.250000,0,.000000,.000000
.5000000,5.500000,1.250000,0,.000000,.000000
.6000000,5.500000,1.250000,0,.000000,.000000
.7000000,5.500000,1.250000,0,.000000,.000000
.8000000,5.500000,1.250000,0,.000000,.000000
.9000000,5.500000,1.250000,0,.000000,.000000
1.000000,5.500000,1.250000,0,.000000,.000000
1.100000,5.500000,1.250000,0,.000000,.000000
1.200000,5.500000,1.250000,0,.000000,.000000
1.300000,5.500000,1.250000,0,.000000,.000000
1.400000,5.500000,1.250000,0,.000000,.000000
1.500000,5.500000,1.250000,0,.000000,.000000
1.600000,5.500000,1.250000,0,.000000,.000000
1.700000,5.500000,1.250000,0,.000000,.000000
1.800000,5.500000,1.250000,0,.000000,.000000
1.900000,5.500000,1.250000,0,.000000,.000000
2.000000,5.500000,1.250000,0,.000000,.000000
2.100000,5.500000,1.250000,0,.000000,.000000
2.200000,5.500000,1.250000,0,.000000,.000000
2.300000,5.500000,1.250000,0,.000000,.000000
2.400000,5.500000,1.250000,0,.000000,.000000
2.500000,5.500000,1.250000,0,.000000,.000000
2.600000,5.500000,1.250000,0,.000000,.000000
2.700000,5.500000,1.250000,0,.000000,.000000
2.800000,5.500000,1.250000,0,.000000,.000000
2.900000,5.500000,1.250000,0,.000000,.000000
3.000000,5.500000,1.250000,0,.000000,.000000
3.100000,5.500000,1.250000,0,.000000,.000000
3.200000,5.500000,1.250000,0,.000000,.000000
3.300000,5.500000,1.250000,0,.000000,.000000
3.400000,5.500000,1.250000,0,.000000,.000000
3.500000,5.500000,1.250000,0,.000000,.000000
3.600000,5.500000,1.250000,0,.000000,.000000
3.700000,5.500000,1.250000,0,.000000,.000000
3.800000,5.500000,1.250000,0,.000000,.000000
3.900000,5.500000,1.250000,0,.000000,.000000
4.000000,5.500000,1.250000,0,.000000,.000000
4.100000,5.500000,1.250000,0,.000000,.000000
4.200000,5.500000,1.250000,0,.000000,.000000
4.300000,5.500000,1.250000,0,.000000,.000000
4.400000,5.500000,1.250000,0,.000000,.000000
4.500000,5.500000,1.250000,0,.000000,.000000
4.600000,5.500000,1.250000,0,.000000,.000000
4.700000,5.500000,1.250000,0,.000000,.000000
4.800000,5.500000,1.250000,0,.000000,.000000
4.900000,5.500000,1.250000,0,.000000,.000000
5.000000,5.500000,1.250000,0,.000000,.000000
5.100000,5.500000,1.250000,0,.000000,.000000
5.200000,5.500000,1.250000,0,.000000,.000000
5.300000,5.500000,1.250000,0,.000000,.000000
5.400000,5.500000,1.250000,0,.000000,.000000
5.500000,5.500000,1.250000,0,.000000,.000000
5.600000,5.500000,1.250000,0,.000000,.000000
5.700000,5.500000,1.250000,0,.000000,.000000
5.800000,5.500000,1.250000,0,.000000,.000000
5.900000,5.500000,1.250000,0,.000000,.000000
6.000000,5.500000,1.250000,0,.000000,.000000
6.100000,5.500000,1.250000,0,.000000,.000000
6.200000,5.500000,1.250000,0,.000000,.000000
6.300000,5.500000,1.250000,0,.000000,.000000
6.400000,5.500000,1.250000,0,.000000,.000000
6.500000,5.500000,1.250000,0,.000000,.000000
6.600000,5.500000,1.250000,0,.000000,.000000
6.700000,5.500000,1.250000,0,.000000,.000000
6.800000,5.500000,1.250000,0,.000000,.000000
6.900000,5.500000,1.250000,0,.000000,.000000
7.000000,5.500000,1.250000,0,.000000,.000000
7.100000,5.500000,1.250000,0,.000000,.000000
7.200000,5.500000,1.250000,0,.000000,.000000
7.300000,5.500000,1.250000,0,.000000,.000000
7.400000,5.500000,1.250000,0,.000000,.000000
7.500000,5.500000,1.250000,0,.000000,.000000
7.600000,5.500000,1.250000,0,.000000,.000000
7.700000,5.500000,1.250000,0,.000000,.000000
7.800000,5.500000,1.250000,0,.000000,.000000
7.900000,5.500000,1.250000,0,.000000,.000000
8.000000,5.500000,1.250000,0,.000000,.000000
8.100000,5.500000,1.250000,0,.000000,.000000
8.200000,5.500000,1.250000,0,.000000,.000000
8.300000,5.500000,1.250000,0,.000000,.000000
8.400000,5.500000,1.250000,0,.000000,.000000
.000000,5.600000,1.250000,0,.000000,.000000
.1000000,5.600000,1.250000,0,.000000,.000000
.2000000,5.600000,1.250000,0,.000000,.000000
.3000000,5.600000,1.250000,0,.000000,.000000
.4000000,5.600000,1.250000,0,.000000,.000000
.5000000,5.600000,1.250000,0,.000000,.000000
.6000000,5.600000,1.250000,0,.000000,.000000
.7000000,5.600000,1.250000,0,.000000,.000000
.8000000,5.600000,1.250000,0,.000000,.000000
.9000000,5.600000,1.250000,0,.000000,.000000
1.000000,5.600000,1.250000,0,.000000,.000000
1.100000,5.600000,1.250000,0,.000000,.000000
1.200000,5.600000,1.250000,0,.000000,.000000
1.300000,5.600000,1.250000,0,.000000,.000000
1.400000,5.600000,1.250000,0,.000000,.000000
1.500000,5.600000,1.250000,0,.000000,.000000
1.600000,5.600000,1.250000,0,.000000,.000000
1.700000,5.600000,1.250000,0,.000000,.000000
1.800000,5.600000,1.250000,0,.000000,.000000
1.900000,5.600000,1.250000,0,.000000,.000000
2.000000,5.600000,1.250000,0,.000000,.000000
2.100000,5.600000,1.250000,0,.000000,.000000
2.200000,5.600000,1.250000,0,.000000,.000000
2.300000,5.600000,1.250000,0,.000000,.000000
2.400000,5.600000,1.250000,0,.000000,.000000
2.500000,5.600000,1.250000,0,.000000,.000000
2.600000,5.600000,1.250000,0,.000000,.000000
2.700000,5.600000,1.250000,0,.000000,.000000
2.800000,5.600000,1.250000,0,.000000,.000000
2.900000,5.600000,1.250000,0,.000000,.000000
3.000000,5.600000,1.250000,0,.000000,.000000
3.100000,5.600000,1.250000,0,.000000,.000000
3.200000,5.600000,1.250000,0,.000000,.000000
3.300000,5.600000,1.250000,0,.000000,.000000
3.400000,5.600000,1.250000,0,.000000,.000000
3.500000,5.600000,1.250000,0,.000000,.000000
3.600000,5.600000,1.250000,0,.000000,.000000
3.700000,5.600000,1.250000,0,.000000,.000000
3.800000,5.600000,1.250000,0,.000000,.000000
3.900000,5.600000,1.250000,0,.000000,.000000
4.000000,5.600000,1.250000,0,.000000,.000000
4.100000,5.600000,1.250000,0,.000000,.000000
4.200000,5.600000,1.250000,0,.000000,.000000
4.300000,5.600000,1.250000,0,.000000,.000000
4.400000,5.600000,1.250000,0,.000000,.000000
4.500000,5.600000,1.250000,0,.000000,.000000
4.600000,5.600000,1.250000,0,.000000,.000000
4.700000,5.600000,1.250000,0,.000000,.000000
4.800000,5.600000,1.250000,0,.000000,.000000
4.900000,5.600000,1.250000,0,.000000,.000000
5.000000,5.600000,1.250000,0,.000000,.000000
5.100000,5.600000,1.250000,0,.000000,.000000
5.200000,5.600000,1.250000,0,.000000,.000000
5.300000,5.600000,1.250000,0,.000000,.000000
5.400000,5.600000,1.250000,0,.000000,.000000
5.500000,5.600000,1.250000,0,.000000,.000000
5.600000,5.600000,1.250000,0,.000000,.000000
5.700000,5.600000,1.250000,0,.000000,.000000
5.800000,5.600000,1.250000,0,.000000,.000000
5.900000,5.600000,1.250000,0,.000000,.000000
6.000000,5.600000,1.250000,0,.000000,.000000
6.100000,5.600000,1.250000,0,.000000,.000000
6.200000,5.600000,1.250000,0,.000000,.000000
6.300000,5.600000,1.250000,0,.000000,.000000
6.400000,5.600000,1.250000,0,.000000,.000000
6.500000,5.600000,1.250000,0,.000000,.000000
6.600000,5.600000,1.250000,0,.000000,.000000
6.700000,5.600000,1.250000,0,.000000,.000000
6.800000,5.600000,1.250000,0,.000000,.000000
6.900000,5.600000,1.250000,0,.000000,.000000
7.000000,5.600000,1.250000,0,.000000,.000000
7.100000,5.600000,1.250000,0,.000000,.000000
7.200000,5.600000,1.250000,0,.000000,.000000
7.300000,5.600000,1.250000,0,.000000,.000000
7.400000,5.600000,1.250000,0,.000000,.000000
7.500000,5.600000,1.250000,0,.000000,.000000
7.600000,5.600000,1.250000,0,.000000,.000000
7.700000,5.600000,1.250000,0,.000000,.000000
7.800000,5.600000,1.250000,0,.000000,.000000
7.900000,5.600000,1.250000,0,.000000,.000000
8.000000,5.600000,1.250000,0,.000000,.000000
8.100000,5.600000,1.250000,0,.000000,.000000
8.200000,5.600000,1.250000,0,.000000,.000000
8.300000,5.600000,1.250000,0,.000000,.000000
8.400000,5.600000,1.250000,0,.000000,.000000
.000000,5.700000,1.250000,0,.000000,.000000
.1000000,5.700000,1.250000,0,.000000,.000000
.2000000,5.700000,1.250000,0,.000000,.000000
.3000000,5.700000,1.250000,0,.000000,.000000
.4000000,5.700000,1.250000,0,.000000,.000000
.5000000,5.700000,1.250000,0,.000000,.000000
.6000000,5.700000,1.250000,0,.000000,.000000
.7000000,5.700000,1.250000,0,.000000,.000000
.8000000,5.700000,1.250000,0,.000000,.000000
.9000000,5.700000,1.250000,0,.000000,.000000
1.000000,5.700000,1.250000,0,.000000,.000000
1.100000,5.700000,1.250000,0,.000000,.000000
1.200000,5.700000,1.250000,0,.000000,.000000
1.300000,5.700000,1.250000,0,.000000,.000000
1.400000,5.700000,1.250000,0,.000000,.000000
1.500000,5.700000,1.250000,0,.000000,.000000
1.600000,5.700000,1.250000,0,.000000,.000000
1.700000,5.700000,1.250000,0,.000000,.000000
1.800000,5.700000,1.250000,0,.000000,.000000
1.900000,5.700000,1.250000,0,.000000,.000000
2.000000,5.700000,1.250000,0,.000000,.000000
2.100000,5.700000,1.250000,0,.000000,.000000
2.200000,5.700000,1.250000,0,.000000,.000000
2.300000,5.700000,1.250000,0,.000000,.000000
2.400000,5.700000,1.250000,0,.000000,.000000
2.500000,5.700000,1.250000,0,.000000,.000000
2.600000,5.700000,1.250000,0,.000000,.000000
2.700000,5.700000,1.250000,0,.000000,.000000
2.800000,5.700000,1.250000,0,.000000,.000000
2.900000,5.700000,1.250000,0,.000000,.000000
3.000000,5.700000,1.250000,0,.000000,.000000
3.100000,5.700000,1.250000,0,.000000,.000000
3.200000,5.700000,1.250000,0,.000000,.000000
3.300000,5.700000,1.250000,0,.000000,.000000
3.400000,5.700000,1.250000,0,.000000,.000000
3.500000,5.700000,1.250000,0,.000000,.000000
3.600000,5.700000,1.250000,0,.000000,.000000
3.700000,5.700000,1.250000,0,.000000,.000000
3.800000,5.700000,1.250000,0,.000000,.000000
3.900000,5.700000,1.250000,0,.000000,.000000
4.000000,5.700000,1.250000,0,.000000,.000000
4.100000,5.700000,1.250000,0,.000000,.000000
4.200000,5.700000,1.250000,0,.000000,.000000
4.300000,5.700000,1.250000,0,.000000,.000000
4.400000,5.700000,1.250000,0,.000000,.000000
4.500000,5.700000,1.250000,0,.000000,.000000
4.600000,5.700000,1.250000,0,.000000,.000000
4.700000,5.700000,1.250000,0,.000000,.000000
4.800000,5.700000,1.250000,0,.000000,.000000
4.900000,5.700000,1.250000,0,.000000,.000000
5.000000,5.700000,1.250000,0,.000000,.000000
5.100000,5.700000,1.250000,0,.000000,.000000
5.200000,5.700000,1.250000,0,.000000,.000000
5.300000,5.700000,1.250000,0,.000000,.000000
5.400000,5.700000,1.250000,0,.000000,.000000
5.500000,5.700000,1.250000,0,.000000,.000000
5.600000,5.700000,1.250000,0,.000000,.000000
5.700000,5.700000,1.250000,0,.000000,.000000
5.800000,5.700000,1.250000,0,.000000,.000000
5.900000,5.700000,1.250000,0,.000000,.000000
6.000000,5.700000,1.250000,0,.000000,.000000
6.100000,5.700000,1.250000,0,.000000,.000000
6.200000,5.700000,1.250000,0,.000000,.000000
6.300000,5.700000,1.250000,0,.000000,.000000
6.400000,5.700000,1.250000,0,.000000,.000000
6.500000,5.700000,1.250000,0,.000000,.000000
6.600000,5.700000,1.250000,0,.000000,.000000
6.700000,5.700000,1.250000,0,.000000,.000000
6.800000,5.700000,1.250000,0,.000000,.000000
6.900000,5.700000,1.250000,0,.000000,.000000
7.000000,5.700000,1.250000,0,.000000,.000000
7.100000,5.700000,1.250000,0,.000000,.000000
7.200000,5.700000,1.250000,0,.000000,.000000
7.300000,5.700000,1.250000,0,.000000,.000000
7.400000,5.700000,1.250000,0,.000000,.000000
7.500000,5.700000,1.250000,0,.000000,.000000
7.600000,5.700000,1.250000,0,.000000,.000000
7.700000,5.700000,1.250000,0,.000000,.000000
7.800000,5.700000,1.250000,0,.000000,.000000
7.900000,5.700000,1.250000,0,.000000,.000000
8.000000,5.700000,1.250000,0,.000000,.000000
8.100000,5.700000,1.250000,0,.000000,.000000
8.200000,5.700000,1.250000,0,.000000,.000000
8.300000,5.700000,1.250000,0,.000000,.000000
8.400000,5.700000,1.250000,0,.000000,.000000
.000000,5.800000,1.250000,0,.000000,.000000
.1000000,5.800000,1.250000,0,.000000,.000000
.2000000,5.800000,1.250000,0,.000000,.000000
.3000000,5.800000,1.250000,0,.000000,.000000
.4000000,5.800000,1.250000,0,.000000,.000000
.5000000,5.800000,1.250000,0,.000000,.000000
.6000000,5.800000,1.250000,0,.000000,.000000
.7000000,5.800000,1.250000,0,.000000,.000000
.8000000,5.800000,1.250000,0,.000000,.000000
.9000000,5.800000,1.250000,0,.000000,.000000
1.000000,5.800000,1.250000,0,.000000,.000000
1.100000,5.800000,1.250000,0,.000000,.000000
1.200000,5.800000,1.250000,0,.000000,.000000
1.300000,5.800000,1.250000,0,.000000,.000000
1.400000,5.800000,1.250000,0,.000000,.000000
1.500000,5.800000,1.250000,0,.000000,.000000
1.600000,5.800000,1.250000,0,.000000,.000000
1.700000,5.800000,1.250000,0,.000000,.000000
1.800000,5.800000,1.250000,0,.000000,.000000
1.900000,5.800000,1.250000,0,.000000,.000000
2.000000,5.800000,1.250000,0,.000000,.000000
2.100000,5.800000,1.250000,0,.000000,.000000
2.200000,5.800000,1.250000,0,.000000,.000000
2.300000,5.800000,1.250000,0,.000000,.000000
2.400000,5.800000,1.250000,0,.000000,.000000
2.500000,5.800000,1.250000,0,.000000,.000000
2.600000,5.800000,1.250000,0,.000000,.000000
2.700000,5.800000,1.250000,0,.000000,.000000
2.800000,5.800000,1.250000,0,.000000,.000000
2.900000,5.800000,1.250000,0,.000000,.000000
3.000000,5.800000,1.250000,0,.000000,.000000
3.100000,5.800000,1.250000,0,.000000,.000000
3.200000,5.800000,1.250000,0,.000000,.000000
3.300000,5.800000,1.250000,0,.000000,.000000
3.400000,5.800000,1.250000,0,.000000,.000000
3.500000,5.800000,1.250000,0,.000000,.000000
3.600000,5.800000,1.250000,0,.000000,.000000
3.700000,5.800000,1.250000,0,.000000,.000000
3.800000,5.800000,1.250000,0,.000000,.000000
3.900000,5.800000,1.250000,0,.000000,.000000
4.000000,5.800000,1.250000,0,.000000,.000000
4.100000,5.800000,1.250000,0,.000000,.000000
4.200000,5.800000,1.250000,0,.000000,.000000
4.300000,5.800000,1.250000,0,.000000,.000000
4.400000,5.800000,1.250000,0,.000000,.000000
4.500000,5.800000,1.250000,0,.000000,.000000
4.600000,5.800000,1.250000,0,.000000,.000000
4.700000,5.800000,1.250000,0,.000000,.000000
4.800000,5.800000,1.250000,0,.000000,.000000
4.900000,5.800000,1.250000,0,.000000,.000000
5.000000,5.800000,1.250000,0,.000000,.000000
5.100000,5.800000,1.250000,0,.000000,.000000
5.200000,5.800000,1.250000,0,.000000,.000000
5.300000,5.800000,1.250000,0,.000000,.000000
5.400000,5.800000,1.250000,0,.000000,.000000
5.500000,5.800000,1.250000,0,.000000,.000000
5.600000,5.800000,1.250000,0,.000000,.000000
5.700000,5.800000,1.250000,0,.000000,.000000
5.800000,5.800000,1.250000,0,.000000,.000000
5.900000,5.800000,1.250000,0,.000000,.000000
6.000000,5.800000,1.250000,0,.000000,.000000
6.100000,5.800000,1.250000,0,.000000,.000000
6.200000,5.800000,1.250000,0,.000000,.000000
6.300000,5.800000,1.250000,0,.000000,.000000
6.400000,5.800000,1.250000,0,.000000,.000000
6.500000,5.800000,1.250000,0,.000000,.000000
6.600000,5.800000,1.250000,0,.000000,.000000
6.700000,5.800000,1.250000,0,.000000,.000000
6.800000,5.800000,1.250000,0,.000000,.000000
6.900000,5.800000,1.250000,0,.000000,.000000
7.000000,5.800000,1.250000,0,.000000,.000000
7.100000,5.800000,1.250000,0,.000000,.000000
7.200000,5.800000,1.250000,0,.000000,.000000
7.300000,5.800000,1.250000,0,.000000,.000000
7.400000,5.800000,1.250000,0,.000000,.000000
7.500000,5.800000,1.250000,0,.000000,.000000
7.600000,5.800000,1.250000,0,.000000,.000000
7.700000,5.800000,1.250000,0,.000000,.000000
7.800000,5.800000,1.250000,0,.000000,.000000
7.900000,5.800000,1.250000,0,.000000,.000000
8.000000,5.800000,1.250000,0,.000000,.000000
8.100000,5.800000,1.250000,0,.000000,.000000
8.200000,5.800000,1.250000,0,.000000,.000000
8.300000,5.800000,1.250000,0,.000000,.000000
8.400000,5.800000,1.250000,0,.000000,.000000
.000000,5.900000,1.250000,0,.000000,.000000
.1000000,5.900000,1.250000,0,.000000,.000000
.2000000,5.900000,1.250000,0,.000000,.000000
.3000000,5.900000,1.250000,0,.000000,.000000
.4000000,5.900000,1.250000,0,.000000,.000000
.5000000,5.900000,1.250000,0,.000000,.000000
.6000000,5.900000,1.250000,0,.000000,.000000
.7000000,5.900000,1.250000,0,.000000,.000000
.8000000,5.900000,1.250000,0,.000000,.000000
.9000000,5.900000,1.250000,0,.000000,.000000
1.000000,5.900000,1.250000,0,.000000,.000000
1.100000,5.900000,1.250000,0,.000000,.000000
1.200000,5.900000,1.250000,0,.000000,.000000
1.300000,5.900000,1.250000,0,.000000,.000000
1.400000,5.900000,1.250000,0,.000000,.000000
1.500000,5.900000,1.250000,0,.000000,.000000
1.600000,5.900000,1.250000,0,.000000,.000000
1.700000,5.900000,1.250000,0,.000000,.000000
1.800000,5.900000,1.250000,0,.000000,.000000
1.900000,5.900000,1.250000,0,.000000,.000000
2.000000,5.900000,1.250000,0,.000000,.000000
2.100000,5.900000,1.250000,0,.000000,.000000
2.200000,5.900000,1.250000,0,.000000,.000000
2.300000,5.900000,1.250000,0,.000000,.000000
2.400000,5.900000,1.250000,0,.000000,.000000
2.500000,5.900000,1.250000,0,.000000,.000000
2.600000,5.900000,1.250000,0,.000000,.000000
2.700000,5.900000,1.250000,0,.000000,.000000
2.800000,5.900000,1.250000,0,.000000,.000000
2.900000,5.900000,1.250000,0,.000000,.000000
3.000000,5.900000,1.250000,0,.000000,.000000
3.100000,5.900000,1.250000,0,.000000,.000000
3.200000,5.900000,1.250000,0,.000000,.000000
3.300000,5.900000,1.250000,0,.000000,.000000
3.400000,5.900000,1.250000,0,.000000,.000000
3.500000,5.900000,1.250000,0,.000000,.000000
3.600000,5.900000,1.250000,0,.000000,.000000
3.700000,5.900000,1.250000,0,.000000,.000000
3.800000,5.900000,1.250000,0,.000000,.000000
3.900000,5.900000,1.250000,0,.000000,.000000
4.000000,5.900000,1.250000,0,.000000,.000000
4.100000,5.900000,1.250000,0,.000000,.000000
4.200000,5.900000,1.250000,0,.000000,.000000
4.300000,5.900000,1.250000,0,.000000,.000000
4.400000,5.900000,1.250000,0,.000000,.000000
4.500000,5.900000,1.250000,0,.000000,.000000
4.600000,5.900000,1.250000,0,.000000,.000000
4.700000,5.900000,1.250000,0,.000000,.000000
4.800000,5.900000,1.250000,0,.000000,.000000
4.900000,5.900000,1.250000,0,.000000,.000000
5.000000,5.900000,1.250000,0,.000000,.000000
5.100000,5.900000,1.250000,0,.000000,.000000
5.200000,5.900000,1.250000,0,.000000,.000000
5.300000,5.900000,1.250000,0,.000000,.000000
5.400000,5.900000,1.250000,0,.000000,.000000
5.500000,5.900000,1.250000,0,.000000,.000000
5.600000,5.900000,1.250000,0,.000000,.000000
5.700000,5.900000,1.250000,0,.000000,.000000
5.800000,5.900000,1.250000,0,.000000,.000000
5.900000,5.900000,1.250000,0,.000000,.000000
6.000000,5.900000,1.250000,0,.000000,.000000
6.100000,5.900000,1.250000,0,.000000,.000000
6.200000,5.900000,1.250000,0,.000000,.000000
6.300000,5.900000,1.250000,0,.000000,.000000
6.400000,5.900000,1.250000,0,.000000,.000000
6.500000,5.900000,1.250000,0,.000000,.000000
6.600000,5.900000,1.250000,0,.000000,.000000
6.700000,5.900000,1.250000,0,.000000,.000000
6.800000,5.900000,1.250000,0,.000000,.000000
6.900000,5.900000,1.250000,0,.000000,.000000
7.000000,5.900000,1.250000,0,.000000,.000000
7.100000,5.900000,1.250000,0,.000000,.000000
7.200000,5.900000,1.250000,0,.000000,.000000
7.300000,5.900000,1.250000,0,.000000,.000000
7.400000,5.900000,1.250000,0,.000000,.000000
7.500000,5.900000,1.250000,0,.000000,.000000
7.600000,5.900000,1.250000,0,.000000,.000000
7.700000,5.900000,1.250000,0,.000000,.000000
7.800000,5.900000,1.250000,0,.000000,.000000
7.900000,5.900000,1.250000,0,.000000,.000000
8.000000,5.900000,1.250000,0,.000000,.000000
8.100000,5.900000,1.250000,0,.000000,.000000
8.200000,5.900000,1.250000,0,.000000,.000000
8.300000,5.900000,1.250000,0,.000000,.000000
8.400000,5.900000,1.250000,0,.000000,.000000
.000000,6.000000,1.250000,0,.000000,.000000
.1000000,6.000000,1.250000,0,.000000,.000000
.2000000,6.000000,1.250000,0,.000000,.000000
.3000000,6.000000,1.250000,0,.000000,.000000
.4000000,6.000000,1.250000,0,.000000,.000000
.5000000,6.000000,1.250000,0,.000000,.000000
.6000000,6.000000,1.250000,0,.000000,.000000
.7000000,6.000000,1.250000,0,.000000,.000000
.8000000,6.000000,1.250000,0,.000000,.000000
.9000000,6.000000,1.250000,0,.000000,.000000
1.000000,6.000000,1.250000,0,.000000,.000000
1.100000,6.000000,1.250000,0,.000000,.000000
1.200000,6.000000,1.250000,0,.000000,.000000
1.300000,6.000000,1.250000,0,.000000,.000000
1.400000,6.000000,1.250000,0,.000000,.000000
1.500000,6.000000,1.250000,0,.000000,.000000
1.600000,6.000000,1.250000,0,.000000,.000000
1.700000,6.000000,1.250000,0,.000000,.000000
1.800000,6.000000,1.250000,0,.000000,.000000
1.900000,6.000000,1.250000,0,.000000,.000000
2.000000,6.000000,1.250000,0,.000000,.000000
2.100000,6.000000,1.250000,0,.000000,.000000
2.200000,6.000000,1.250000,0,.000000,.000000
2.300000,6.000000,1.250000,0,.000000,.000000
2.400000,6.000000,1.250000,0,.000000,.000000
2.500000,6.000000,1.250000,0,.000000,.000000
2.600000,6.000000,1.250000,0,.000000,.000000
2.700000,6.000000,1.250000,0,.000000,.000000
2.800000,6.000000,1.250000,0,.000000,.000000
2.900000,6.000000,1.250000,0,.000000,.000000
3.000000,6.000000,1.250000,0,.000000,.000000
3.100000,6.000000,1.250000,0,.000000,.000000
3.200000,6.000000,1.250000,0,.000000,.000000
3.300000,6.000000,1.250000,0,.000000,.000000
3.400000,6.000000,1.250000,0,.000000,.000000
3.500000,6.000000,1.250000,0,.000000,.000000
3.600000,6.000000,1.250000,0,.000000,.000000
3.700000,6.000000,1.250000,0,.000000,.000000
3.800000,6.000000,1.250000,0,.000000,.000000
3.900000,6.000000,1.250000,0,.000000,.000000
4.000000,6.000000,1.250000,0,.000000,.000000
4.100000,6.000000,1.250000,0,.000000,.000000
4.200000,6.000000,1.250000,0,.000000,.000000
4.300000,6.000000,1.250000,0,.000000,.000000
4.400000,6.000000,1.250000,0,.000000,.000000
4.500000,6.000000,1.250000,0,.000000,.000000
4.600000,6.000000,1.250000,0,.000000,.000000
4.700000,6.000000,1.250000,0,.000000,.000000
4.800000,6.000000,1.250000,0,.000000,.000000
4.900000,6.000000,1.250000,0,.000000,.000000
5.000000,6.000000,1.250000,0,.000000,.000000
5.100000,6.000000,1.250000,0,.000000,.000000
5.200000,6.000000,1.250000,0,.000000,.000000
5.300000,6.000000,1.250000,0,.000000,.000000
5.400000,6.000000,1.250000,0,.000000,.000000
5.500000,6.000000,1.250000,0,.000000,.000000
5.600000,6.000000,1.250000,0,.000000,.000000
5.700000,6.000000,1.250000,0,.000000,.000000
5.800000,6.000000,1.250000,0,.000000,.000000
5.900000,6.000000,1.250000,0,.000000,.000000
6.000000,6.000000,1.250000,0,.000000,.000000
6.100000,6.000000,1.250000,0,.000000,.000000
6.200000,6.000000,1.250000,0,.000000,.000000
6.300000,6.000000,1.250000,0,.000000,.000000
6.400000,6.000000,1.250000,0,.000000,.000000
6.500000,6.000000,1.250000,0,.000000,.000000
6.600000,6.000000,1.250000,0,.000000,.000000
6.700000,6.000000,1.250000,0,.000000,.000000
6.800000,6.000000,1.250000,0,.000000,.000000
6.900000,6.000000,1.250000,0,.000000,.000000
7.000000,6.000000,1.250000,0,.000000,.000000
7.100000,6.000000,1.250000,0,.000000,.000000
7.200000,6.000000,1.250000,0,.000000,.000000
7.300000,6.000000,1.250000,0,.000000,.000000
7.400000,6.000000,1.250000,0,.000000,.000000
7.500000,6.000000,1.250000,0,.000000,.000000
7.600000,6.000000,1.250000,0,.000000,.000000
7.700000,6.000000,1.250000,0,.000000,.000000
7.800000,6.000000,1.250000,0,.000000,.000000
7.900000,6.000000,1.250000,0,.000000,.000000
8.000000,6.000000,1.250000,0,.000000,.000000
8.100000,6.000000,1.250000,0,.000000,.000000
8.200000,6.000000,1.250000,0,.000000,.000000
8.300000,6.000000,1.250000,0,.000000,.000000
8.400000,6.000000,1.250000,0,.000000,.000000
.000000,6.100000,1.250000,0,.000000,.000000
.1000000,6.100000,1.250000,0,.000000,.000000
.2000000,6.100000,1.250000,0,.000000,.000000
.3000000,6.100000,1.250000,0,.000000,.000000
.4000000,6.100000,1.250000,0,.000000,.000000
.5000000,6.100000,1.250000,0,.000000,.000000
.6000000,6.100000,1.250000,0,.000000,.000000
.7000000,6.100000,1.250000,0,.000000,.000000
.8000000,6.100000,1.250000,0,.000000,.000000
.9000000,6.100000,1.250000,0,.000000,.000000
1.000000,6.100000,1.250000,0,.000000,.000000
1.100000,6.100000,1.250000,0,.000000,.000000
1.200000,6.100000,1.250000,0,.000000,.000000
1.300000,6.100000,1.250000,0,.000000,.000000
1.400000,6.100000,1.250000,0,.000000,.000000
1.500000,6.100000,1.250000,0,.000000,.000000
1.600000,6.100000,1.250000,0,.000000,.000000
1.700000,6.100000,1.250000,0,.000000,.000000
1.800000,6.100000,1.250000,0,.000000,.000000
1.900000,6.100000,1.250000,0,.000000,.000000
2.000000,6.100000,1.250000,0,.000000,.000000
2.100000,6.100000,1.250000,0,.000000,.000000
2.200000,6.100000,1.250000,0,.000000,.000000
2.300000,6.100000,1.250000,0,.000000,.000000
2.400000,6.100000,1.250000,0,.000000,.000000
2.500000,6.100000,1.250000,0,.000000,.000000
2.600000,6.100000,1.250000,0,.000000,.000000
2.700000,6.100000,1.250000,0,.000000,.000000
2.800000,6.100000,1.250000,0,.000000,.000000
2.900000,6.100000,1.250000,0,.000000,.000000
3.000000,6.100000,1.250000,0,.000000,.000000
3.100000,6.100000,1.250000,0,.000000,.000000
3.200000,6.100000,1.250000,0,.000000,.000000
3.300000,6.100000,1.250000,0,.000000,.000000
3.400000,6.100000,1.250000,0,.000000,.000000
3.500000,6.100000,1.250000,0,.000000,.000000
3.600000,6.100000,1.250000,0,.000000,.000000
3.700000,6.100000,1.250000,0,.000000,.000000
3.800000,6.100000,1.250000,0,.000000,.000000
3.900000,6.100000,1.250000,0,.000000,.000000
4.000000,6.100000,1.250000,0,.000000,.000000
4.100000,6.100000,1.250000,0,.000000,.000000
4.200000,6.100000,1.250000,0,.000000,.000000
4.300000,6.100000,1.250000,0,.000000,.000000
4.400000,6.100000,1.250000,0,.000000,.000000
4.500000,6.100000,1.250000,0,.000000,.000000
4.600000,6.100000,1.250000,0,.000000,.000000
4.700000,6.100000,1.250000,0,.000000,.000000
4.800000,6.100000,1.250000,0,.000000,.000000
4.900000,6.100000,1.250000,0,.000000,.000000
5.000000,6.100000,1.250000,0,.000000,.000000
5.100000,6.100000,1.250000,0,.000000,.000000
5.200000,6.100000,1.250000,0,.000000,.000000
5.300000,6.100000,1.250000,0,.000000,.000000
5.400000,6.100000,1.250000,0,.000000,.000000
5.500000,6.100000,1.250000,0,.000000,.000000
5.600000,6.100000,1.250000,0,.000000,.000000
5.700000,6.100000,1.250000,0,.000000,.000000
5.800000,6.100000,1.250000,0,.000000,.000000
5.900000,6.100000,1.250000,0,.000000,.000000
6.000000,6.100000,1.250000,0,.000000,.000000
6.100000,6.100000,1.250000,0,.000000,.000000
6.200000,6.100000,1.250000,0,.000000,.000000
6.300000,6.100000,1.250000,0,.000000,.000000
6.400000,6.100000,1.250000,0,.000000,.000000
6.500000,6.100000,1.250000,0,.000000,.000000
6.600000,6.100000,1.250000,0,.000000,.000000
6.700000,6.100000,1.250000,0,.000000,.000000
6.800000,6.100000,1.250000,0,.000000,.000000
6.900000,6.100000,1.250000,0,.000000,.000000
7.000000,6.100000,1.250000,0,.000000,.000000
7.100000,6.100000,1.250000,0,.000000,.000000
7.200000,6.100000,1.250000,0,.000000,.000000
7.300000,6.100000,1.250000,0,.000000,.000000
7.400000,6.100000,1.250000,0,.000000,.000000
7.500000,6.100000,1.250000,0,.000000,.000000
7.600000,6.100000,1.250000,0,.000000,.000000
7.700000,6.100000,1.250000,0,.000000,.000000
7.800000,6.100000,1.250000,0,.000000,.000000
7.900000,6.100000,1.250000,0,.000000,.000000
8.000000,6.100000,1.250000,0,.000000,.000000
8.100000,6.100000,1.250000,0,.000000,.000000
8.200000,6.100000,1.250000,0,.000000,.000000
8.300000,6.100000,1.250000,0,.000000,.000000
8.400000,6.100000,1.250000,0,.000000,.000000
.000000,6.200000,1.250000,0,.000000,.000000
.1000000,6.200000,1.250000,0,.000000,.000000
.2000000,6.200000,1.250000,0,.000000,.000000
.3000000,6.200000,1.250000,0,.000000,.000000
.4000000,6.200000,1.250000,0,.000000,.000000
.5000000,6.200000,1.250000,0,.000000,.000000
.6000000,6.200000,1.250000,0,.000000,.000000
.7000000,6.200000,1.250000,0,.000000,.000000
.8000000,6.200000,1.250000,0,.000000,.000000
.9000000,6.200000,1.250000,0,.000000,.000000
1.000000,6.200000,1.250000,0,.000000,.000000
1.100000,6.200000,1.250000,0,.000000,.000000
1.200000,6.200000,1.250000,0,.000000,.000000
1.300000,6.200000,1.250000,0,.000000,.000000
1.400000,6.200000,1.250000,0,.000000,.000000
1.500000,6.200000,1.250000,0,.000000,.000000
1.600000,6.200000,1.250000,0,.000000,.000000
1.700000,6.200000,1.250000,0,.000000,.000000
1.800000,6.200000,1.250000,0,.000000,.000000
1.900000,6.200000,1.250000,0,.000000,.000000
2.000000,6.200000,1.250000,0,.000000,.000000
2.100000,6.200000,1.250000,0,.000000,.000000
2.200000,6.200000,1.250000,0,.000000,.000000
2.300000,6.200000,1.250000,0,.000000,.000000
2.400000,6.200000,1.250000,0,.000000,.000000
2.500000,6.200000,1.250000,0,.000000,.000000
2.600000,6.200000,1.250000,0,.000000,.000000
2.700000,6.200000,1.250000,0,.000000,.000000
2.800000,6.200000,1.250000,0,.000000,.000000
2.900000,6.200000,1.250000,0,.000000,.000000
3.000000,6.200000,1.250000,0,.000000,.000000
3.100000,6.200000,1.250000,0,.000000,.000000
3.200000,6.200000,1.250000,0,.000000,.000000
3.300000,6.200000,1.250000,0,.000000,.000000
3.400000,6.200000,1.250000,0,.000000,.000000
3.500000,6.200000,1.250000,0,.000000,.000000
3.600000,6.200000,1.250000,0,.000000,.000000
3.700000,6.200000,1.250000,0,.000000,.000000
3.800000,6.200000,1.250000,0,.000000,.000000
3.900000,6.200000,1.250000,0,.000000,.000000
4.000000,6.200000,1.250000,0,.000000,.000000
4.100000,6.200000,1.250000,0,.000000,.000000
4.200000,6.200000,1.250000,0,.000000,.000000
4.300000,6.200000,1.250000,0,.000000,.000000
4.400000,6.200000,1.250000,0,.000000,.000000
4.500000,6.200000,1.250000,0,.000000,.000000
4.600000,6.200000,1.250000,0,.000000,.000000
4.700000,6.200000,1.250000,0,.000000,.000000
4.800000,6.200000,1.250000,0,.000000,.000000
4.900000,6.200000,1.250000,0,.000000,.000000
5.000000,6.200000,1.250000,0,.000000,.000000
5.100000,6.200000,1.250000,0,.000000,.000000
5.200000,6.200000,1.250000,0,.000000,.000000
5.300000,6.200000,1.250000,0,.000000,.000000
5.400000,6.200000,1.250000,0,.000000,.000000
5.500000,6.200000,1.250000,0,.000000,.000000
5.600000,6.200000,1.250000,0,.000000,.000000
5.700000,6.200000,1.250000,0,.000000,.000000
5.800000,6.200000,1.250000,0,.000000,.000000
5.900000,6.200000,1.250000,0,.000000,.000000
6.000000,6.200000,1.250000,0,.000000,.000000
6.100000,6.200000,1.250000,0,.000000,.000000
6.200000,6.200000,1.250000,0,.000000,.000000
6.300000,6.200000,1.250000,0,.000000,.000000
6.400000,6.200000,1.250000,0,.000000,.000000
6.500000,6.200000,1.250000,0,.000000,.000000
6.600000,6.200000,1.250000,0,.000000,.000000
6.700000,6.200000,1.250000,0,.000000,.000000
6.800000,6.200000,1.250000,0,.000000,.000000
6.900000,6.200000,1.250000,0,.000000,.000000
7.000000,6.200000,1.250000,0,.000000,.000000
7.100000,6.200000,1.250000,0,.000000,.000000
7.200000,6.200000,1.250000,0,.000000,.000000
7.300000,6.200000,1.250000,0,.000000,.000000
7.400000,6.200000,1.250000,0,.000000,.000000
7.500000,6.200000,1.250000,0,.000000,.000000
7.600000,6.200000,1.250000,0,.000000,.000000
7.700000,6.200000,1.250000,0,.000000,.000000
7.800000,6.200000,1.250000,0,.000000,.000000
7.900000,6.200000,1.250000,0,.000000,.000000
8.000000,6.200000,1.250000,0,.000000,.000000
8.100000,6.200000,1.250000,0,.000000,.000000
8.200000,6.200000,1.250000,0,.000000,.000000
8.300000,6.200000,1.250000,0,.000000,.000000
8.400000,6.200000,1.250000,0,.000000,.000000
.000000,6.300000,1.250000,0,.000000,.000000
.1000000,6.300000,1.250000,0,.000000,.000000
.2000000,6.300000,1.250000,0,.000000,.000000
.3000000,6.300000,1.250000,0,.000000,.000000
.4000000,6.300000,1.250000,0,.000000,.000000
.5000000,6.300000,1.250000,0,.000000,.000000
.6000000,6.300000,1.250000,0,.000000,.000000
.7000000,6.300000,1.250000,0,.000000,.000000
.8000000,6.300000,1.250000,0,.000000,.000000
.9000000,6.300000,1.250000,0,.000000,.000000
1.000000,6.300000,1.250000,0,.000000,.000000
1.100000,6.300000,1.250000,0,.000000,.000000
1.200000,6.300000,1.250000,0,.000000,.000000
1.300000,6.300000,1.250000,0,.000000,.000000
1.400000,6.300000,1.250000,0,.000000,.000000
1.500000,6.300000,1.250000,0,.000000,.000000
1.600000,6.300000,1.250000,0,.000000,.000000
1.700000,6.300000,1.250000,0,.000000,.000000
1.800000,6.300000,1.250000,0,.000000,.000000
1.900000,6.300000,1.250000,0,.000000,.000000
2.000000,6.300000,1.250000,0,.000000,.000000
2.100000,6.300000,1.250000,0,.000000,.000000
2.200000,6.300000,1.250000,0,.000000,.000000
2.300000,6.300000,1.250000,0,.000000,.000000
2.400000,6.300000,1.250000,0,.000000,.000000
2.500000,6.300000,1.250000,0,.000000,.000000
2.600000,6.300000,1.250000,0,.000000,.000000
2.700000,6.300000,1.250000,0,.000000,.000000
2.800000,6.300000,1.250000,0,.000000,.000000
2.900000,6.300000,1.250000,0,.000000,.000000
3.000000,6.300000,1.250000,0,.000000,.000000
3.100000,6.300000,1.250000,0,.000000,.000000
3.200000,6.300000,1.250000,0,.000000,.000000
3.300000,6.300000,1.250000,0,.000000,.000000
3.400000,6.300000,1.250000,0,.000000,.000000
3.500000,6.300000,1.250000,0,.000000,.000000
3.600000,6.300000,1.250000,0,.000000,.000000
3.700000,6.300000,1.250000,0,.000000,.000000
3.800000,6.300000,1.250000,0,.000000,.000000
3.900000,6.300000,1.250000,0,.000000,.000000
4.000000,6.300000,1.250000,0,.000000,.000000
4.100000,6.300000,1.250000,0,.000000,.000000
4.200000,6.300000,1.250000,0,.000000,.000000
4.300000,6.300000,1.250000,0,.000000,.000000
4.400000,6.300000,1.250000,0,.000000,.000000
4.500000,6.300000,1.250000,0,.000000,.000000
4.600000,6.300000,1.250000,0,.000000,.000000
4.700000,6.300000,1.250000,0,.000000,.000000
4.800000,6.300000,1.250000,0,.000000,.000000
4.900000,6.300000,1.250000,0,.000000,.000000
5.000000,6.300000,1.250000,0,.000000,.000000
5.100000,6.300000,1.250000,0,.000000,.000000
5.200000,6.300000,1.250000,0,.000000,.000000
5.300000,6.300000,1.250000,0,.000000,.000000
5.400000,6.300000,1.250000,0,.000000,.000000
5.500000,6.300000,1.250000,0,.000000,.000000
5.600000,6.300000,1.250000,0,.000000,.000000
5.700000,6.300000,1.250000,0,.000000,.000000
5.800000,6.300000,1.250000,0,.000000,.000000
5.900000,6.300000,1.250000,0,.000000,.000000
6.000000,6.300000,1.250000,0,.000000,.000000
6.100000,6.300000,1.250000,0,.000000,.000000
6.200000,6.300000,1.250000,0,.000000,.000000
6.300000,6.300000,1.250000,0,.000000,.000000
6.400000,6.300000,1.250000,0,.000000,.000000
6.500000,6.300000,1.250000,0,.000000,.000000
6.600000,6.300000,1.250000,0,.000000,.000000
6.700000,6.300000,1.250000,0,.000000,.000000
6.800000,6.300000,1.250000,0,.000000,.000000
6.900000,6.300000,1.250000,0,.000000,.000000
7.000000,6.300000,1.250000,0,.000000,.000000
7.100000,6.300000,1.250000,0,.000000,.000000
7.200000,6.300000,1.250000,0,.000000,.000000
7.300000,6.300000,1.250000,0,.000000,.000000
7.400000,6.300000,1.250000,0,.000000,.000000
7.500000,6.300000,1.250000,0,.000000,.000000
7.600000,6.300000,1.250000,0,.000000,.000000
7.700000,6.300000,1.250000,0,.000000,.000000
7.800000,6.300000,1.250000,0,.000000,.000000
7.900000,6.300000,1.250000,0,.000000,.000000
8.000000,6.300000,1.250000,0,.000000,.000000
8.100000,6.300000,1.250000,0,.000000,.000000
8.200000,6.300000,1.250000,0,.000000,.000000
8.300000,6.300000,1.250000,0,.000000,.000000
8.400000,6.300000,1.250000,0,.000000,.000000
.000000,6.400000,1.250000,0,.000000,.000000
.1000000,6.400000,1.250000,0,.000000,.000000
.2000000,6.400000,1.250000,0,.000000,.000000
.3000000,6.400000,1.250000,0,.000000,.000000
.4000000,6.400000,1.250000,0,.000000,.000000
.5000000,6.400000,1.250000,0,.000000,.000000
.6000000,6.400000,1.250000,0,.000000,.000000
.7000000,6.400000,1.250000,0,.000000,.000000
.8000000,6.400000,1.250000,0,.000000,.000000
.9000000,6.400000,1.250000,0,.000000,.000000
1.000000,6.400000,1.250000,0,.000000,.000000
1.100000,6.400000,1.250000,0,.000000,.000000
1.200000,6.400000,1.250000,0,.000000,.000000
1.300000,6.400000,1.250000,0,.000000,.000000
1.400000,6.400000,1.250000,0,.000000,.000000
1.500000,6.400000,1.250000,0,.000000,.000000
1.600000,6.400000,1.250000,0,.000000,.000000
1.700000,6.400000,1.250000,0,.000000,.000000
1.800000,6.400000,1.250000,0,.000000,.000000
1.900000,6.400000,1.250000,0,.000000,.000000
2.000000,6.400000,1.250000,0,.000000,.000000
2.100000,6.400000,1.250000,0,.000000,.000000
2.200000,6.400000,1.250000,0,.000000,.000000
2.300000,6.400000,1.250000,0,.000000,.000000
2.400000,6.400000,1.250000,0,.000000,.000000
2.500000,6.400000,1.250000,0,.000000,.000000
2.600000,6.400000,1.250000,0,.000000,.000000
2.700000,6.400000,1.250000,0,.000000,.000000
2.800000,6.400000,1.250000,0,.000000,.000000
2.900000,6.400000,1.250000,0,.000000,.000000
3.000000,6.400000,1.250000,0,.000000,.000000
3.100000,6.400000,1.250000,0,.000000,.000000
3.200000,6.400000,1.250000,0,.000000,.000000
3.300000,6.400000,1.250000,0,.000000,.000000
3.400000,6.400000,1.250000,0,.000000,.000000
3.500000,6.400000,1.250000,0,.000000,.000000
3.600000,6.400000,1.250000,0,.000000,.000000
3.700000,6.400000,1.250000,0,.000000,.000000
3.800000,6.400000,1.250000,0,.000000,.000000
3.900000,6.400000,1.250000,0,.000000,.000000
4.000000,6.400000,1.250000,0,.000000,.000000
4.100000,6.400000,1.250000,0,.000000,.000000
4.200000,6.400000,1.250000,0,.000000,.000000
4.300000,6.400000,1.250000,0,.000000,.000000
4.400000,6.400000,1.250000,0,.000000,.000000
4.500000,6.400000,1.250000,0,.000000,.000000
4.600000,6.400000,1.250000,0,.000000,.000000
4.700000,6.400000,1.250000,0,.000000,.000000
4.800000,6.400000,1.250000,0,.000000,.000000
4.900000,6.400000,1.250000,0,.000000,.000000
5.000000,6.400000,1.250000,0,.000000,.000000
5.100000,6.400000,1.250000,0,.000000,.000000
5.200000,6.400000,1.250000,0,.000000,.000000
5.300000,6.400000,1.250000,0,.000000,.000000
5.400000,6.400000,1.250000,0,.000000,.000000
5.500000,6.400000,1.250000,0,.000000,.000000
5.600000,6.400000,1.250000,0,.000000,.000000
5.700000,6.400000,1.250000,0,.000000,.000000
5.800000,6.400000,1.250000,0,.000000,.000000
5.900000,6.400000,1.250000,0,.000000,.000000
6.000000,6.400000,1.250000,0,.000000,.000000
6.100000,6.400000,1.250000,0,.000000,.000000
6.200000,6.400000,1.250000,0,.000000,.000000
6.300000,6.400000,1.250000,0,.000000,.000000
6.400000,6.400000,1.250000,0,.000000,.000000
6.500000,6.400000,1.250000,0,.000000,.000000
6.600000,6.400000,1.250000,0,.000000,.000000
6.700000,6.400000,1.250000,0,.000000,.000000
6.800000,6.400000,1.250000,0,.000000,.000000
6.900000,6.400000,1.250000,0,.000000,.000000
7.000000,6.400000,1.250000,0,.000000,.000000
7.100000,6.400000,1.250000,0,.000000,.000000
7.200000,6.400000,1.250000,0,.000000,.000000
7.300000,6.400000,1.250000,0,.000000,.000000
7.400000,6.400000,1.250000,0,.000000,.000000
7.500000,6.400000,1.250000,0,.000000,.000000
7.600000,6.400000,1.250000,0,.000000,.000000
7.700000,6.400000,1.250000,0,.000000,.000000
7.800000,6.400000,1.250000,0,.000000,.000000
7.900000,6.400000,1.250000,0,.000000,.000000
8.000000,6.400000,1.250000,0,.000000,.000000
8.100000,6.400000,1.250000,0,.000000,.000000
8.200000,6.400000,1.250000,0,.000000,.000000
8.300000,6.400000,1.250000,0,.000000,.000000
8.400000,6.400000,1.250000,0,.000000,.000000
